NGC           RA          DE       MAG        XxY
32        00 10 53.2  +18 47 33     U        0.6
103       00 25 17.3  +61 19 19    9.8         5
104       00 24 05.2  -72 04 49    4.0        50
110       00 27 25.4  +71 23 26     U         19
121       00 26 47.1  -71 32 12   11.2       1.5
129       00 29 58.0  +60 12 42    6.5        12
133       00 31 18.0  +63 21 06    9.4         3
136       00 31 30.7  +61 30 33   11.5       1.5
146       00 33 03.0  +63 18 06    9.1         5
152       00 32 56.9  -73 06 58   11.9       1.7
176       00 35 58.8  -73 09 58   12.7         1
188       00 47 30.0  +85 15 30    8.1        15
189       00 39 35.6  +61 05 42    8.8         5
220       00 40 30.0  -73 24 15   12.4       0.8
222       00 40 43.7  -73 23 09   12.2       0.6
225       00 43 36.0  +61 46 00    7.0        15
231       00 41 06.4  -73 21 09   12.7       0.8
241       00 43 33.2  -73 26 33   12.1       0.9
242       00 43 33.2  -73 26 33   12.1       0.9
256       00 45 53.3  -73 30 25   12.7       0.6
265       00 47 11.1  -73 28 38   12.2         1
269       00 48 21.0  -73 31 54   13.3       0.6
272       00 51 26.0  +35 49 18    8.5         5
288       00 52 45.5  -26 35 51    8.1        13
290       00 51 14.7  -73 09 45   12.0       0.8
294       00 53 05.7  -73 22 50   12.7       0.8
299       00 53 24.7  -72 11 47   11.7       0.7
306       00 54 15.1  -72 14 33   12.5       0.8
330       00 56 19.8  -72 27 44    9.6       1.4
339       00 57 45.0  -74 28 20   12.8       2.2
358       01 05 10.8  +62 01 16     U        2.5
362       01 03 14.3  -70 50 52    6.8        14
366       01 06 25.9  +62 13 44     U          4
376       01 03 53.4  -72 49 26   10.9         1
381       01 08 20.0  +61 35 00    9.3         7
411       01 07 55.7  -71 46 07   12.2       1.3
416       01 07 58.5  -72 21 25   12.6       1.2
419       01 08 17.2  -72 53 00   11.2       2.4
433       01 15 09.2  +60 07 33     U          4
436       01 15 58.0  +58 48 42    8.8         5
457       01 19 33.0  +58 17 42    6.4        20
458       01 14 51.6  -71 33 04   10.5       1.5
465       01 15 42.7  -73 19 27   11.5         2
559       01 29 31.0  +63 18 06    9.5         7
581       01 33 23.0  +60 39 30    7.4         6
609       01 36 23.7  +64 32 12   11.0         3
629       01 39 02.1  +72 52 06     U          4
637       01 43 03.0  +64 02 12    8.2         3
643       01 35 00.7  -75 33 24     U        1.5
643A      01 30 37.4  -76 03 18   12.0       2 2
654       01 43 59.4  +61 52 58    6.5         6
657       01 43 29.8  +55 52 30     U          7
659       01 44 24.0  +60 40 12    7.9         6
663       01 46 17.0  +61 13 06    7.1        15
743       01 58 37.0  +60 10 00     U          7
744       01 58 33.0  +55 28 24    7.9         5
752       01 57 35.0  +37 50 00    5.7        75
796       01 56 43.8  -74 13 12     U        0.8
869       02 19 04.0  +57 08 06    5.3        18
884       02 22 05.0  +57 07 48    6.1        18
886       02 23 28.1  +63 46 16     U         14
956       02 32 14.9  +44 38 48    8.9         9
957       02 33 21.0  +57 33 36    7.6        10
1027      02 42 36.0  +61 35 42    6.7        15
1039      02 42 05.0  +42 45 42    5.2        25
1049      02 39 48.1  -34 15 30   12.9       1.2
1193      03 05 55.0  +44 23 00   12.6         3
1220      03 11 40.6  +53 20 53   11.8         2
1245      03 14 41.4  +47 14 19    8.4        10
1252      03 10 44.0  -57 45 30     U          8
1261      03 12 15.3  -55 12 59    8.3       6.8
1342      03 31 38.0  +37 22 36    6.7        17
1348      03 34 06.0  +51 25 12     U          6
1444      03 49 25.0  +52 39 18    6.6         4
1466      03 44 33.4  -71 40 18   11.4       1.9
1496      04 04 31.8  +52 39 41    9.6         3
1502      04 07 49.2  +62 19 54    6.9        20
1513      04 09 57.0  +49 30 54    8.4        12
1520      03 57 51.1  -76 48 20     U          5
1528      04 15 19.0  +51 12 42    6.4        18
1545      04 20 56.2  +50 15 19    6.2        12
1548      04 20 49.6  +36 53 55     U         30
1557      04 13 14.0  -70 30 30     U         10
1582      04 31 39.0  +43 44 36    7.0        24
1605      04 34 52.2  +45 16 17   10.7         5
1624      04 40 36.4  +50 27 42   11.8         3
1629      04 29 37.0  -71 50 18   12.7         1
1641      04 35 38.0  -65 46 06     U        9 6
1644      04 37 39.6  -66 11 49   12.9       1.6
1647      04 45 42.2  +19 07 09    6.4        40
1649      04 38 22.9  -68 40 23   13.1        15
1651      04 37 32.7  -70 35 08   12.3       2.5
1652      04 38 22.9  -68 40 23   13.1        15
1662      04 48 27.0  +10 55 48    6.4        12
1663      04 49 24.3  +13 08 27   14.5         9
1664      04 51 05.4  +43 40 34    7.6        18
1673      04 42 39.7  -69 49 17   14.1       0.7
1676      04 43 54.2  -68 49 40     U        0.8
1693      04 47 38.8  -69 20 37   12.9       0.7
1695      04 47 44.5  -69 22 26   12.2       1.5
1696      04 48 30.0  -68 14 35   14.0       0.9
1697      04 48 36.4  -68 33 29   12.6       2.6
1698      04 49 04.5  -69 06 49   12.1       1.6
1702      04 49 27.7  -69 51 03   12.5         1
1704      04 49 55.5  -69 45 23   11.5       1.7
1707      04 58 21.1  +08 14 20     U          1
1708      05 03 27.0  +52 50 00     U         20
1711      04 50 36.2  -69 59 08   10.1       2.4
1712      04 50 58.5  -69 24 27     U        2.5
1718      04 52 25.4  -67 03 03   12.3         2
1724      05 03 33.0  +49 29 30     U          1
1732      04 53 10.6  -68 39 00   12.3       0.9
1733      04 54 04.8  -66 40 58   13.3       1.2
1734      04 53 33.6  -68 46 08   13.1       1.3
1735      04 54 19.7  -67 05 59   10.8       1.6
1746      05 03 50.0  +23 46 12    6.1        40
1749      04 54 56.1  -68 11 20   13.6       1.2
1750      05 03 54.0  +23 39 30     U      25 12
1751      04 54 12.1  -69 48 23   14.5       1.7
1755      04 55 14.9  -68 12 15    9.9       2.6
1756      04 54 49.9  -69 14 15   12.2       1.1
1758      05 04 36.0  +23 47 54     U         40
1761      04 56 42.0  -66 28 45    9.9       1.2
1764      04 56 27.8  -67 41 38   12.6         1
1766      04 55 57.7  -70 13 31   12.2       0.7
1768      04 57 00.2  -68 14 58   12.8       0.9
1772      04 56 52.9  -69 33 22   11.0       1.5
1774      04 58 06.9  -67 14 33   10.8       1.8
1775      04 56 53.4  -70 25 47   12.6       0.7
1776      04 58 39.8  -66 25 47   13.0       1.1
1777      04 55 47.8  -74 17 08   12.8       2.1
1778      05 08 05.0  +37 01 24    7.7         8
1782      04 57 51.2  -69 23 32   10.5       1.2
1783      04 59 08.8  -65 59 07   10.9         3
1785      04 58 35.3  -68 50 37     U          3
1786      04 59 07.9  -67 44 43   10.9       1.6
1787      05 00 02.0  -65 47 42   10.9        23
1789      04 57 51.2  -71 54 03   13.1       1.5
1790      05 11 07.2  +52 03 30     U         15
1791      04 59 06.6  -70 10 08   13.1       1.3
1793      04 59 38.3  -69 33 28   12.4       1.3
1795      04 59 47.0  -69 48 05   12.4       1.6
1798      05 11 39.3  +47 41 44   10.0         5
1801      05 00 34.6  -69 36 50   12.2       2.2
1802      05 10 14.0  +24 07 30     U         20
1804      05 01 03.3  -69 04 58   11.9         1
1805      05 02 21.4  -66 06 44   10.6       2.2
1806      05 02 11.4  -67 59 02   11.1       2.2
1807      05 10 46.0  +16 30 48    7.0        12
1810      05 03 23.3  -66 22 55   11.9       1.2
1815      05 02 27.3  -70 37 16   12.4       1.2
1816      05 03 50.8  -67 15 39    9.0         1
1817      05 12 27.0  +16 41 00    7.7        20
1818      05 04 14.8  -66 26 04    9.7       3.4
1822      05 05 09.2  -66 12 38   13.2       0.8
1823      05 03 25.0  -70 20 08   12.1       0.9
1825      05 04 19.0  -68 55 36   12.0       0.5
1826      05 05 34.0  -66 13 52   13.3       0.9
1828      05 04 20.9  -69 23 18   12.5       0.7
1830      05 04 38.3  -69 20 25   12.6       0.7
1831      05 06 16.2  -64 55 07   11.2       3.9
1835      05 05 05.7  -69 24 15   10.6       1.2
1836      05 05 34.5  -68 37 41   12.2       0.8
1837      05 04 55.9  -70 42 51   10.6       1.3
1838      05 06 47.0  -68 25 24   12.9       0.7
1840      05 05 19.2  -71 45 47     U        0.6
1841      04 45 23.1  -83 59 49   14.1       2.4
1842      05 07 18.2  -67 16 24   14.0       0.8
1844      05 07 30.7  -67 19 25   12.1       1.3
1845      05 05 45.0  -70 34 54   10.2        20
1846      05 07 34.7  -67 27 31   11.3       2.8
1847      05 07 08.2  -68 58 17   11.1         1
1849      05 09 34.9  -66 18 57   12.8       1.3
1850      05 08 44.8  -68 45 42    9.0       3.4
1851      05 14 06.3  -40 02 48    7.1        12
1852      05 09 24.0  -67 46 39   12.0       1.8
1856      05 09 29.4  -69 07 40   10.1       1.8
1857      05 20 05.0  +39 20 36    7.0        10
1859      05 11 31.8  -65 14 59   12.3         2
1860      05 10 39.6  -68 45 08   11.0       0.8
1861      05 10 22.2  -70 46 38   13.2       1.2
1862      05 12 34.6  -66 09 16   13.3       0.3
1863      05 11 39.6  -68 43 37   11.0       0.5
1864      05 12 40.7  -67 37 17   12.9       0.9
1865      05 12 25.1  -68 46 16   12.9       0.8
1866      05 13 39.1  -65 27 56    9.7       4.5
1867      05 13 42.5  -66 17 39   13.4       1.3
1868      05 14 36.5  -63 57 18   11.6       3.9
1870      05 13 10.0  -69 07 01   11.3       0.5
1872      05 13 10.8  -69 19 02   11.0         1
1878      05 12 51.0  -70 28 18   12.9       1.1
1882      05 15 33.4  -66 07 47   12.3       1.2
1883      05 25 54.1  +46 29 25   12.0         5
1885      05 15 05.9  -68 58 40   12.0       0.8
1887      05 16 06.0  -66 19 07   12.7       1.1
1890      05 13 45.9  -72 04 41   12.8       1.2
1891      05 21 44.0  -35 47 24     U          5
1893      05 22 45.6  +33 24 52    7.5        10
1894      05 15 51.3  -69 28 07   12.2       0.8
1896      05 27 06.0  +29 21 40     U         10
1897      05 17 32.4  -67 26 56   13.5         1
1900      05 19 09.4  -63 01 25   13.6       1.7
1901      05 17 48.0  -68 26 00     U         40
1902      05 18 19.2  -66 37 39   11.8       1.6
1903      05 17 22.4  -69 20 07   11.9         1
1904      05 24 10.6  -24 31 25    7.7       9.6
1905      05 18 23.6  -67 16 41   13.2         1
1907      05 28 04.5  +35 19 32    8.2         5
1912      05 28 43.0  +35 51 18    6.4        15
1913      05 18 19.4  -69 32 12   11.1       0.6
1922      05 19 50.0  -69 30 06   11.5       0.5
1925      05 21 30.0  -65 48 48     U         11
1926      05 20 34.2  -69 31 27   11.8       0.7
1928      05 20 56.6  -69 28 41   11.9       0.5
1938      05 21 24.8  -69 56 22   11.8       0.6
1939      05 21 26.7  -69 56 59   12.9       0.5
1940      05 22 43.8  -67 11 12   11.9         1
1942      05 24 44.6  -63 56 32   13.5       1.1
1944      05 21 57.4  -72 29 40   11.8       3.3
1946      05 25 16.4  -66 23 41   12.6         1
1950      05 24 33.1  -69 54 09   13.2         1
1951      05 26 06.9  -66 35 50   10.6       1.9
1959      05 25 36.7  -69 55 37   12.2       0.5
1960      05 36 17.7  +34 08 27    6.0        10
1962      05 26 17.8  -68 50 16   11.5       0.5
1963      05 32 10.8  -36 22 50     U         14
1967      05 26 43.4  -69 06 06   10.8       0.4
1969      05 26 32.4  -69 50 29   12.5       0.8
1971      05 26 45.3  -69 51 06   11.9       0.8
1972      05 26 47.4  -69 50 18   12.6       0.9
1978      05 28 45.2  -66 14 14   10.7       3.9
1981      05 35 12.0  -04 26 00    4.2        28
1986      05 27 39.0  -69 58 22   11.1       0.7
1987      05 27 17.2  -70 44 15   12.1       1.7
1994      05 28 21.8  -69 08 31    9.8       0.6
1996      05 38 10.2  +25 49 04     U         22
1997      05 30 34.4  -63 12 15   13.4       1.3
2000      05 27 29.3  -71 52 46   11.9       1.7
2001      05 29 02.1  -68 46 10     U        1.7
2002      05 30 20.4  -66 53 03   10.1         2
2003      05 30 54.4  -66 27 59   11.3       2.1
2004      05 30 40.3  -67 17 10    9.6       2.7
2005      05 30 10.9  -69 45 09   11.6       1.8
2006      05 31 19.6  -66 58 19   11.5         1
2009      05 30 59.2  -69 10 54   11.0       0.8
2010      05 30 35.0  -70 49 11   11.7       2.2
2011      05 32 20.3  -67 31 24   10.6         1
2015      05 32 06.0  -69 14 36     U        5.6
2016      05 31 36.0  -69 56 30   10.4       0.3
2017      05 39 16.2  -17 50 59     U          4
2019      05 31 56.7  -70 09 35   10.9         1
2021      05 33 30.7  -67 27 11   12.1       0.9
2025      05 32 33.7  -71 42 56   10.9       1.9
2026      05 43 12.0  +20 08 00     U         10
2027      05 34 59.8  -66 54 59   11.9       0.7
2028      05 33 48.6  -69 57 07   12.9       0.5
2031      05 33 41.9  -70 59 13   10.8       3.4
2033      05 34 30.6  -69 46 48   11.6       0.5
2036      05 34 31.5  -70 03 52   12.8       0.6
2037      05 34 54.0  -69 44 12   10.3       0.5
2038      05 34 42.4  -70 33 47   11.9       1.7
2039      05 44 01.0  +08 41 30     U         55
2041      05 36 28.1  -66 59 23   10.4       0.7
2042      05 36 09.6  -68 55 25    9.6         9
2044      05 36 06.0  -69 11 55   10.6         2
2046      05 35 37.6  -70 14 27   12.6       1.3
2047      05 35 53.1  -70 11 34   13.2       0.8
2050      05 36 38.9  -69 23 01    9.3         1
2051      05 36 07.4  -71 00 41   11.7       1.7
2053      05 37 39.8  -67 24 47   12.2       1.2
2055      05 37 03.0  -69 25 54    8.4       0.6
2056      05 36 34.1  -70 40 19   12.3       1.7
2057      05 36 55.2  -70 16 08   12.2       1.8
2058      05 36 54.3  -70 09 44   11.9       1.8
2059      05 37 00.6  -70 07 45   12.9         1
2061      05 42 41.9  -34 00 14     U        8 8
2062      05 40 02.8  -66 52 33   12.7       0.9
2063      05 46 44.0  +08 42 50     U          9
2065      05 37 38.5  -70 14 12   11.2       2.6
2066      05 37 43.2  -70 10 00   13.1       0.7
2072      05 38 24.5  -70 14 03   13.2       1.3
2088      05 40 59.9  -68 27 56   12.5       1.7
2091      05 40 58.1  -69 26 14   12.1       1.7
2092      05 41 22.1  -69 13 27     U        1.2
2093      05 41 49.8  -68 55 17   11.6       1.7
2095      05 42 50.0  -67 19 12   13.1       0.8
2096      05 42 17.9  -68 27 31   11.3       1.2
2097      05 44 16.0  -62 47 08   13.7       1.8
2098      05 42 30.4  -68 16 32   10.7       1.6
2099      05 52 18.3  +32 33 11    5.6        15
2100      05 42 09.1  -69 12 43    9.6       2.8
2102      05 42 20.6  -69 29 14   11.4         1
2105      05 44 19.2  -66 55 04   12.2       1.7
2107      05 43 13.0  -70 38 24   11.5       2.1
2108      05 43 55.3  -69 10 51   12.8         2
2109      05 44 23.0  -68 32 52   12.2         2
2111      05 44 33.1  -70 59 36   12.5       1.6
2112      05 53 45.2  +00 24 39    9.1        18
2114      05 46 12.2  -68 02 54   12.5         1
2116      05 47 15.2  -68 30 29   12.9         1
2117      05 47 46.0  -67 27 01   12.7       1.3
2118      05 47 39.6  -69 07 55   12.0       1.3
2120      05 50 34.8  -63 40 30   12.7         2
2121      05 48 12.4  -71 28 52   12.4       2.7
2123      05 51 43.4  -65 19 18   12.6       1.2
2125      05 50 54.3  -69 28 45     U          1
2126      06 02 32.9  +49 51 57   10.2         6
2127      05 51 22.4  -69 21 41   11.6       1.2
2129      06 01 06.5  +23 19 04    6.7         6
2130      05 52 23.8  -67 20 03   12.0       1.2
2132      05 55 09.1  -59 54 37     U         45
2133      05 51 28.8  -71 10 30   12.0       1.7
2134      05 51 56.7  -71 05 50   11.1       2.5
2135      05 53 35.0  -67 25 38   12.1         1
2136      05 52 58.5  -69 29 33   10.5       1.9
2137      05 53 13.2  -69 28 55   12.7       0.8
2138      05 54 48.8  -65 50 07   13.8         1
2140      05 54 16.3  -68 36 00   12.4       1.7
2141      06 02 55.0  +10 26 47    9.4        10
2143      06 03 07.4  +05 43 42     U         11
2145      05 54 22.8  -70 54 07   12.1       1.7
2147      05 55 45.7  -68 12 06   12.9       1.1
2151      05 56 20.5  -69 01 03     U          1
2153      05 57 51.8  -66 24 03   13.1       1.3
2154      05 57 38.3  -67 15 44   11.8       2.4
2155      05 58 33.3  -65 28 35   12.6       2.1
2156      05 57 50.4  -68 27 39   11.4       1.1
2157      05 57 34.9  -69 11 50   10.2       2.7
2158      06 07 25.6  +24 05 46    8.6         5
2159      05 58 03.0  -68 37 28   11.4       0.9
2160      05 58 12.9  -68 17 23   12.2       1.2
2161      05 55 43.2  -74 21 14   13.0       2.2
2162      06 00 30.4  -63 43 20     U        2.1
2164      05 58 55.0  -68 30 56   10.3       2.5
2165      06 11 04.0  +51 40 42   12.7         6
2166      05 59 33.8  -67 56 29   12.9       1.2
2168      06 09 00.0  +24 21 00    5.1        25
2169      06 08 24.3  +13 57 53    5.9         6
2172      06 00 05.9  -68 38 13   11.8       1.7
2173      05 57 58.5  -72 58 41   11.9       2.4
2175S     06 10 54.0  +20 36 36     U          5
2176      06 01 19.4  -66 51 12     U        1.3
2177      06 01 16.5  -67 44 00   12.8       1.2
2180      06 09 36.2  +04 42 44     U          6
2181      06 02 43.7  -65 15 54   13.6       1.6
2184      06 11 00.0  -03 29 00     U         33
2186      06 12 07.1  +05 27 31    8.7         5
2190      06 01 04.1  -74 43 32   12.9         2
2192      06 15 17.4  +39 51 19   10.9         5
2193      06 06 17.9  -65 05 57   13.4       1.9
2194      06 13 45.9  +12 48 24    8.5         9
2197      06 06 08.7  -67 05 51   13.5       1.7
2202      06 16 50.7  +05 59 48     U          7
2203      06 04 42.7  -75 26 18   12.0       3.3
2204      06 15 33.0  -18 39 54    8.6        10
2209      06 08 33.5  -73 50 16   13.2       2.8
2210      06 11 31.9  -69 07 15   10.2       2.1
2213      06 10 42.0  -71 31 42   12.4       2.1
2214      06 12 57.5  -68 15 33   10.9       3.6
2215      06 20 49.2  -07 17 02    8.4         8
2219      06 23 44.3  -04 40 36     U         10
2220      06 21 12.0  -44 45 28     U          5
2224      06 27 32.0  +12 39 20     U         20
2225      06 26 37.5  -09 38 32     U         40
2226      06 26 37.5  -09 38 32     U         40
2231      06 20 43.0  -67 31 07   13.2         2
2232      06 27 15.0  -04 45 30    4.2        45
2234      06 29 29.2  +16 43 08     U         35
2236      06 29 39.6  +06 49 51    8.5         8
2239      06 32 19.0  +04 51 24    4.8        24
2241      06 22 53.3  -68 55 29   13.3       1.3
2243      06 29 34.4  -31 16 53    9.4       8.3
2244      06 32 19.0  +04 51 24    4.8        24
2249      06 25 49.6  -68 55 11   12.2       1.7
2250      06 33 49.8  -05 05 04    8.9        10
2251      06 34 38.4  +08 21 59    7.3        10
2252      06 34 19.8  +05 19 22    7.7        18
2254      06 35 46.6  +07 40 15    9.1         6
2257      06 30 13.0  -64 19 29   13.5       2.2
2259      06 38 33.3  +10 52 57   10.8       3.5
2260      06 38 03.0  -01 28 20     U         20
2262      06 39 38.7  +01 08 30   11.3         4
2264      06 40 58.2  +09 53 44    4.1        40
2265      06 41 41.6  +11 54 19     U         10
2266      06 43 19.2  +26 58 10    9.5         5
2269      06 43 17.0  +04 37 28   10.0         3
2281      06 48 17.8  +41 04 44    5.4        25
2286      06 47 40.1  -03 08 52    7.5        15
2287      06 46 00.0  -20 45 24    4.5        39
2298      06 48 59.2  -36 00 17    9.3         5
2299      06 51 56.6  -07 05 04    8.9       2.5
2301      06 51 45.2  +00 27 33    6.0        15
2302      06 51 56.6  -07 05 04    8.9       2.5
2304      06 55 11.8  +17 59 19   10.0         3
2309      06 56 03.6  -07 10 28   10.5         5
2311      06 57 47.5  -04 36 41    9.6         7
2312      06 58 47.0  +10 17 44     U      5 2.5
2319      07 00 32.2  +03 02 34     U         16
2323      07 02 47.8  -08 22 33    5.9        15
2324      07 04 07.9  +01 02 41    8.4         8
2331      07 06 59.8  +27 15 42    8.5        19
2335      07 06 49.4  -10 01 43    7.2         7
2343      07 08 06.7  -10 37 00    6.7         6
2345      07 08 18.7  -13 11 37    7.7        12
2348      07 03 02.7  -67 23 39     U         11
2352      07 13 05.7  -24 02 20     U          5
2353      07 14 30.3  -10 15 57    7.1        18
2354      07 14 10.0  -25 41 24    6.5        18
2355      07 16 59.2  +13 45 00    9.7         8
2356      07 16 59.2  +13 45 00    9.7         8
2358      07 16 56.3  -17 07 00     U          8
2360      07 17 43.1  -15 38 29    7.2        14
2362      07 18 41.4  -24 57 15    3.8         6
2367      07 20 06.0  -21 52 54    7.9         5
2368      07 21 02.2  -10 22 28   11.8         3
2374      07 23 56.0  -13 15 48    8.0        12
2383      07 24 39.9  -20 56 51    8.4         5
2384      07 25 10.0  -21 01 18    7.4         5
2395      07 27 12.8  +13 36 30    8.0        15
2396      07 28 00.0  -11 43 00    7.4        10
2401      07 29 24.3  -13 58 00   12.6         2
2408      07 40 30.0  +71 40 00     U         10
2409      07 31 36.7  -17 11 23    7.3       2.5
2413      07 33 19.0  -13 07 09     U         10
2414      07 33 12.8  -15 27 14    7.9         6
2419      07 38 08.5  +38 52 57   10.3       4.6
2420      07 38 23.8  +21 34 27    8.3         6
2421      07 36 12.0  -20 36 42    8.3         8
2422      07 36 35.0  -14 28 47    4.4        25
2423      07 37 06.7  -13 52 17    6.7        12
2425      07 38 17.6  -14 52 40     U          5
2428      07 39 22.0  -16 31 42     U         13
2430      07 39 41.0  -16 17 46     U        7.5
2432      07 40 53.0  -19 04 36   10.2         7
2437      07 41 46.8  -14 48 36    6.1        20
2439      07 40 45.4  -31 41 33    6.9         9
2447      07 44 30.0  -23 51 24    6.2        10
2448      07 44 34.5  -24 40 51     U          5
2451      07 45 24.0  -37 57 00    2.8        50
2453      07 47 34.1  -27 11 41    8.3         4
2455      07 49 00.0  -21 18 06   10.2        15
2459      07 52 01.7  +09 33 29     U        1.5
2477      07 52 10.0  -38 31 48    5.8        20
2478      07 36 35.0  -14 28 47    4.4        25
2479      07 55 06.0  -17 42 28    9.6        11
2482      07 55 12.0  -24 15 30    7.3        10
2483      07 55 39.0  -27 53 42    7.6         9
2489      07 56 15.9  -30 03 51    7.9         5
2506      08 00 01.7  -10 46 11    7.6        12
2509      08 00 47.8  -19 03 02    9.3        12
2516      07 58 04.0  -60 45 12    3.8        22
2520      08 04 58.1  -28 08 46    6.5        10
2527      08 04 58.1  -28 08 46    6.5        10
2533      08 07 04.0  -29 52 00    7.6         6
2539      08 10 36.9  -12 49 14    6.5        15
2546      08 12 24.0  -37 37 00    6.3        70
2547      08 10 09.0  -49 13 30    4.7        25
2548      08 13 43.1  -05 45 02    5.8        30
2567      08 18 32.0  -30 38 24    7.4        11
2568      08 18 18.1  -37 06 19   10.7         3
2571      08 18 56.3  -29 44 57    7.0         7
2579      08 20 52.7  -36 12 58    7.5        19
2580      08 21 28.0  -30 17 30    9.7         8
2587      08 23 24.0  -29 30 31    9.2        10
2588      08 23 09.5  -32 58 30   11.8         2
2609      08 29 30.0  -61 06 36     U          6
2627      08 37 15.0  -29 57 18    8.4         9
2632      08 40 24.0  +19 40 12    3.1        70
2635      08 38 25.9  -34 46 18   11.2         3
2645      08 39 03.1  -46 13 38    7.0         3
2658      08 43 27.3  -32 39 22    9.2        10
2659      08 42 36.0  -45 00 00    8.6        15
2660      08 42 38.0  -47 12 02    8.8         3
2664      08 47 10.4  +12 36 13     U          5
2669      08 46 19.0  -52 56 06    6.1        14
2670      08 45 30.0  -48 47 30    7.8         7
2671      08 46 12.0  -41 52 38   11.6         5
2678      08 50 02.7  +11 20 19     U     10 2.5
2682      08 51 18.0  +11 49 00    6.9        25
2808      09 12 02.6  -64 51 45    6.2        14
2849      09 19 22.8  -40 31 13   12.5         3
2866      09 22 06.5  -51 06 08     U         20
2910      09 30 29.0  -52 54 50    7.2         6
2925      09 33 10.9  -53 23 45    8.3        15
2972      09 40 11.5  -50 19 13    9.9         5
2982      09 42 00.0  -44 01 36     U         12
2995      09 44 00.0  -54 35 00     U         20
2999      09 40 11.5  -50 19 13    9.9         5
3033      09 48 40.0  -56 24 42    8.8        12
3105      10 00 39.5  -54 47 15    9.7         2
3114      10 02 36.0  -60 06 00    4.2        35
3201      10 17 36.8  -46 24 38    6.9        20
3228      10 21 22.0  -51 43 42    6.0         5
3231      10 26 57.8  +66 48 45     U          4
3247      10 24 12.0  -57 45 48    7.6         5
3255      10 26 31.3  -60 40 42   11.0         2
3293      10 35 51.0  -58 13 48    4.7         5
3330      10 38 46.0  -54 06 54    7.4         6
3446      10 52 12.0  -45 09 36     U        6.5
3496      10 59 36.0  -60 20 12    8.2         7
3519      11 04 02.7  -61 22 05    7.7         8
3532      11 05 40.0  -58 44 00    3.0        50
3572      11 10 26.6  -60 14 38    6.6         7
3590      11 12 58.9  -60 47 20    8.2         2
3603      11 15 06.6  -61 15 40    9.1         4
3680      11 25 38.0  -43 15 00    7.6         7
3766      11 36 14.3  -61 36 36    5.3        15
3909      11 49 30.0  -48 15 54     U         20
3960      11 50 33.1  -55 40 35    8.3         7
4052      12 02 00.0  -63 13 18    8.8        10
4103      12 06 39.5  -61 15 00    7.4         6
4147      12 10 06.2  +18 32 33   10.4       4.4
4153      12 10 06.2  +18 32 33   10.4       4.4
4184      12 13 32.5  -62 42 47     U          2
4230      12 17 16.0  -55 05 12     U          5
4337      12 24 03.2  -58 07 25    8.9       3.5
4349      12 24 06.0  -61 52 13    7.4         4
4372      12 25 45.4  -72 39 31    7.2         5
4439      12 28 26.3  -60 06 11    8.4         4
4463      12 29 55.2  -64 47 22    7.2         6
4590      12 39 28.0  -26 44 32    7.3        11
4609      12 42 19.8  -62 59 38    6.9         6
4755      12 53 39.0  -60 21 42    4.2        10
4815      12 57 58.3  -64 57 42    8.6         5
4833      12 59 35.0  -70 52 27    8.4        14
4852      13 00 09.0  -59 36 48    8.9        12
4937      13 04 51.9  -47 13 08     U        0.5
5024      13 12 55.3  +18 10 11    7.7        13
5043      13 16 40.0  -60 02 30     U         10
5045      13 17 04.6  -63 24 48     U         60
5053      13 16 27.0  +17 41 55    9.0        10
5120      13 25 40.3  -63 27 29   13.0         3
5138      13 27 16.0  -59 02 30    7.6         8
5139      13 26 47.0  -47 28 51    5.3        55
5155      13 28 18.0  -63 28 00     U         60
5168      13 31 07.2  -60 56 21    9.1         4
5269      13 44 44.1  -62 54 54     U          3
5272      13 42 11.2  +28 22 34    6.3        18
5281      13 46 36.7  -62 54 34    5.9         8
5284      13 47 06.0  -59 13 39   10.0     30 20
5286      13 46 26.5  -51 22 22    7.4        11
5288      13 48 45.6  -64 41 11   11.8         3
5299      13 50 48.0  -60 24 00     U         30
5316      13 54 00.0  -61 51 00    6.0        15
5359      13 59 48.0  -70 24 00     U          8
5381      14 00 42.0  -59 33 00     U         11
5385      13 52 31.8  +76 09 48     U          6
5460      14 07 36.0  -48 18 00    5.6        35
5466      14 05 27.3  +28 32 06    9.2         9
5593      14 25 40.0  -54 47 54     U          6
5606      14 27 47.2  -59 37 56    7.7         3
5617      14 29 44.0  -60 42 39    6.3        10
5634      14 29 37.3  -05 58 33    9.5       5.5
5662      14 35 30.8  -56 39 46    5.5        30
5694      14 39 36.5  -26 32 16   10.2       4.3
5715      14 43 39.0  -57 34 13    9.8         7
5749      14 48 48.8  -54 29 37    8.8        10
5764      14 53 31.8  -52 40 16   12.6         3
5800      15 01 47.8  -51 55 06    8.0         5
5822      15 04 02.3  -54 20 21    6.5        35
5823      15 05 30.5  -55 36 13    7.9        12
5824      15 03 58.5  -33 04 02    9.1       7.4
5834      15 03 58.5  -33 04 02    9.1       7.4
5897      15 17 24.5  -21 00 35    8.4        11
5904      15 18 33.8  +02 05 00    5.7        23
5925      15 27 26.0  -54 31 42    8.4        20
5927      15 28 00.5  -50 40 20    8.0         6
5946      15 35 28.5  -50 39 32    8.4         3
5986      15 46 03.5  -37 47 08    7.6       9.6
5998      15 49 30.0  -28 36 00     U        2 1
5999      15 52 08.5  -56 28 22    9.0         3
6005      15 55 47.4  -57 26 37   10.7         5
6025      16 03 17.7  -60 25 53    5.1        15
6031      16 07 34.4  -54 01 00    8.5         3
6067      16 13 10.9  -54 13 08    5.6        15
6087      16 18 51.8  -57 53 59    5.4        15
6093      16 17 02.5  -22 58 28    7.3        10
6101      16 25 48.6  -72 12 04    9.2         5
6115      16 24 26.8  -51 57 12    9.8       3.4
6121      16 23 35.5  -26 31 29    5.4        36
6124      16 25 17.2  -40 40 01    5.8        40
6134      16 27 43.6  -49 09 51    7.2         6
6139      16 27 40.4  -38 50 54    9.1       8.2
6144      16 27 14.1  -26 01 27    9.0       7.4
6151      16 38 24.1  -73 15 07     U        0.5
6152      16 32 45.0  -52 38 36    8.1        25
6167      16 34 34.9  -49 46 19    6.7         7
6169      16 34 05.0  -44 02 43    6.6        12
6171      16 32 31.9  -13 03 11    7.8        13
6178      16 35 50.8  -45 38 48    7.2         5
6192      16 40 20.8  -43 21 55    8.5         9
6193      16 41 20.3  -48 45 48    5.2        14
6200      16 44 08.6  -47 28 11    7.4        15
6204      16 46 07.9  -47 00 44    8.2         6
6205      16 41 41.5  +36 27 39    5.8        20
6208      16 49 25.8  -53 42 18    7.2        18
6216      16 49 23.5  -44 43 53   10.1         4
6218      16 47 14.5  -01 56 50    6.1        16
6222      17 00 45.3  -44 39 18    8.0        15
6229      16 46 58.9  +47 31 42    9.4       4.5
6231      16 54 09.8  -41 49 30    2.6        14
6235      16 53 25.4  -22 10 36    8.9         5
6242      16 55 30.6  -39 28 01    6.4         9
6249      16 57 41.7  -44 48 17    8.2         6
6250      16 57 56.0  -45 56 12    5.9        16
6253      16 59 06.1  -52 42 57   10.2         4
6254      16 57 08.9  -04 05 56    6.6        20
6256      16 59 32.6  -37 07 15   11.3       4.1
6259      17 00 45.3  -44 39 18    8.0        15
6266      17 01 12.6  -30 06 42    6.4        15
6268      17 02 04.1  -39 43 16    9.5         6
6273      17 02 37.7  -26 16 03    6.8        17
6281      17 04 47.2  -37 53 16    5.4         8
6284      17 04 28.8  -24 45 51    8.9       6.2
6287      17 05 09.4  -22 42 27    9.3       4.8
6293      17 10 10.4  -26 34 52    8.3       8.2
6304      17 14 32.5  -29 27 42    8.3         8
6316      17 16 37.4  -28 08 22    8.1       5.4
6318      17 16 13.4  -39 25 26   11.8         5
6322      17 18 25.7  -42 56 02    6.0         5
6325      17 17 59.2  -23 45 55   10.2       4.1
6333      17 19 11.8  -18 30 57    7.8        12
6341      17 17 07.3  +43 08 13    6.5        14
6342      17 21 10.2  -19 35 12    9.5       4.4
6352      17 25 29.2  -48 25 20    7.8         9
6355      17 23 58.6  -26 21 11    8.6       4.2
6356      17 23 35.0  -17 48 45    8.2        10
6362      17 31 54.8  -67 02 51    8.1        15
6366      17 27 44.3  -05 04 34    9.5        13
6374      17 34 42.2  -32 34 54    5.5        20
6380      17 34 28.0  -39 04 07   11.5       3.6
6383      17 34 42.2  -32 34 54    5.5        20
6388      17 36 17.0  -44 44 04    6.8      10.4
6396      17 37 36.2  -35 01 33    8.5         3
6397      17 40 41.3  -53 40 23    5.3        31
6400      17 40 12.0  -36 57 42    8.8        12
6401      17 38 36.9  -23 54 30    7.4       4.8
6402      17 37 36.1  -03 14 43    7.6        11
6404      17 39 37.3  -33 14 48   10.6         6
6405      17 40 20.0  -32 15 30    4.2        33
6415      17 44 18.0  -35 04 00     U         23
6416      17 44 19.9  -32 21 40    5.7        15
6421      17 45 44.0  -33 41 14   14.0        45
6425      17 47 00.0  -31 31 48    7.2        10
6426      17 44 54.7  +03 10 15   10.9       4.2
6437      17 48 24.0  -35 21 00     U         40
6440      17 48 52.6  -20 21 32    9.3       4.4
6441      17 50 12.9  -37 03 02    7.2       9.6
6444      17 49 35.1  -34 49 11     U         12
6451      17 50 40.5  -30 12 42    8.2         8
6453      17 50 51.8  -34 35 53   10.2       7.6
6455      17 51 08.0  -35 20 14     U          1
6469      17 52 56.5  -22 18 43    8.2         8
6475      17 53 50.0  -34 47 36    3.3        75
6476      17 54 12.0  -29 07 12     U         20
6480      17 54 26.0  -30 27 06   12.0        17
6494      17 56 56.0  -19 00 42    5.5        25
6496      17 59 02.0  -44 15 52    8.6       5.6
6507      17 59 50.0  -17 27 00    9.6         7
6517      18 01 50.6  -08 57 30   10.1         4
6520      18 03 25.0  -27 53 28    7.6         5
6522      18 03 34.1  -30 02 00    9.9       9.4
6525      18 02 06.0  +11 01 31     U          4
6528      18 04 49.6  -30 03 19    9.6         5
6530      18 04 30.0  -24 21 30    4.6        15
6531      18 04 13.3  -22 30 00    5.9        16
6535      18 03 50.7  -00 17 47    9.3       3.4
6539      18 04 49.8  -07 35 07    8.9       7.9
6540      18 06 08.6  -27 45 53    9.3       1.5
6541      18 08 02.2  -43 42 40    6.3        15
6544      18 07 20.6  -24 59 49    7.5       9.2
6546      18 07 22.0  -23 17 48    8.0        15
6553      18 09 15.6  -25 54 26    8.3       9.2
6554      18 09 23.0  -18 22 42     U         20
6558      18 10 18.4  -31 45 47    8.6       4.2
6561      18 10 33.0  -16 44 48     U         10
6568      18 12 44.0  -21 35 00    8.6        12
6569      18 13 38.9  -31 49 33    8.4       6.4
6573      18 13 41.5  -22 07 08     U          6
6583      18 15 48.8  -22 08 15   10.0         5
6584      18 18 37.7  -52 12 52    7.9       6.6
6596      18 17 33.0  -16 39 00     U         10
6603      18 18 24.0  -18 24 24   11.1         4
6604      18 18 06.0  -12 13 00    6.5         6
6605      18 16 24.0  -15 00 00    6.0        29
6611      18 18 45.0  -13 47 54    6.0         8
6613      18 19 58.0  -17 06 06    6.9         7
6624      18 23 40.5  -30 21 38    7.6       8.8
6625      18 23 12.8  -12 00 47    9.0        39
6626      18 24 32.9  -24 52 10    6.9      13.8
6631      18 27 09.5  -12 01 35   11.7         7
6633      18 27 15.1  +06 30 30    4.6        20
6637      18 31 23.2  -32 20 51    8.3       7.1
6638      18 30 56.2  -25 29 45    9.2       7.3
6639      18 30 57.8  -13 10 14     U          5
6642      18 31 54.3  -23 28 33    8.9       5.8
6645      18 32 37.8  -16 53 02    8.5        15
6649      18 33 28.3  -10 24 08    8.9         6
6652      18 35 45.7  -32 59 23    8.5         6
6656      18 36 24.2  -23 54 10    5.2        32
6659      18 34 00.0  +23 35 42     U        7 5
6664      18 36 30.6  -08 11 15    7.8        12
6681      18 43 12.7  -32 17 29    7.8         8
6682      18 39 37.0  -04 48 48     U         47
6683      18 42 12.7  -06 12 45    9.4         3
6694      18 45 15.0  -09 23 06    8.0         8
6698      18 48 10.0  -25 53 45     U         15
6704      18 50 45.8  -05 12 18    9.2         6
6705      18 51 05.0  -06 16 12    5.8        11
6709      18 51 30.0  +10 20 00    6.7        15
6712      18 53 04.3  -08 42 20    8.1       9.8
6715      18 55 03.3  -30 28 40    7.7        12
6716      18 54 34.0  -19 54 30    7.5        10
6717      18 55 06.2  -22 42 01    8.4       5.4
6723      18 59 33.2  -36 37 52    6.8        13
6735      19 00 45.3  -00 27 21     U          8
6738      19 01 20.0  +11 36 54    8.3        15
6743      19 01 26.7  +29 17 14     U          8
6749      19 05 15.3  +01 54 05   12.4         4
6752      19 10 51.8  -59 58 53    5.3        29
6755      19 07 49.0  +04 16 00    7.5        15
6756      19 08 42.5  +04 42 21   10.6         4
6760      19 11 12.1  +01 01 52    9.0       9.6
6774      19 16 18.0  -16 19 30     U         20
6775      19 16 42.0  -00 55 58     U         13
6791      19 20 52.7  +37 46 27    9.5        10
6793      19 23 12.6  +22 09 27     U          7
6800      19 27 00.0  +25 05 30     U          5
6802      19 30 36.0  +20 15 42    8.8         5
6809      19 39 59.4  -30 57 42    6.3        19
6811      19 37 09.6  +46 22 32    6.8        15
6819      19 41 18.0  +40 11 00    7.3         5
6823      19 43 10.0  +23 18 00    7.1         7
6827      19 48 53.2  +21 12 58     U          2
6830      19 51 00.0  +23 06 00    7.9         6
6832      19 48 15.5  +59 25 22     U         12
6834      19 52 12.5  +29 24 29    7.8         6
6837      19 53 08.0  +11 41 54   12.0         3
6838      19 53 46.1  +18 46 44    8.4       7.2
6839      19 54 33.0  +17 56 20     U          4
6840      19 55 17.0  +12 07 18     U         10
6843      19 56 06.0  +12 09 52     U          4
6846      19 56 28.1  +32 20 55   14.2       0.8
6856      19 59 17.1  +56 07 53     U          3
6858      20 03 00.0  +11 15 36     U          5
6864      20 06 04.8  -21 55 15    8.6       6.8
6866      20 03 55.1  +44 09 33    7.6         7
6871      20 06 27.0  +35 47 24    5.2        30
6873      20 07 13.0  +21 06 08     U         14
6874      20 07 48.0  +38 14 00     U          7
6882      20 11 40.6  +26 32 54     U          5
6883      20 11 18.0  +35 51 00    8.0        35
6885      20 11 40.6  +26 32 54     U          5
6895      20 16 32.0  +50 14 24     U         15
6904      20 21 48.3  +25 44 22     U          3
6910      20 23 12.0  +40 46 43    7.4        10
6913      20 24 06.0  +38 29 36    6.6        10
6934      20 34 11.6  +07 24 17    8.9       7.1
6938      20 34 42.0  +22 13 02     U          8
6939      20 31 30.0  +60 39 42    7.8        10
6940      20 34 32.3  +28 16 49    6.3        25
6950      20 41 05.0  +16 37 14     U         10
6953      20 38 41.0  +65 48 12     U        1.5
6981      20 53 27.9  -12 32 11    9.2       6.6
6989      20 54 06.0  +45 14 26     U         10
6991-1    20 55 50.0  +47 25 10     U         10
6991-2    20 54 43.5  +47 16 54     U          8
6994      20 58 56.0  -12 38 00    8.9       1.4
6996      20 56 30.0  +45 28 24   10.0         5
6997      20 56 30.0  +44 39 00   10.0         8
7005      21 01 56.0  -12 52 39     U        1.8
7006      21 01 29.5  +16 11 17   10.6       3.6
7011      21 01 50.0  +47 21 17     U        3.8
7024      21 06 04.8  +41 29 47     U         10
7031      21 06 52.0  +50 50 36    9.1        15
7039      21 11 12.0  +45 39 00    7.6        15
7044      21 13 09.4  +42 29 46   12.0         7
7055      21 19 25.8  +57 35 25     U          4
7058      21 21 48.3  +50 48 28     U         10
7062      21 23 27.4  +46 22 43    8.3         5
7063      21 24 22.0  +36 29 12    7.0         9
7067      21 24 12.3  +48 00 41    9.7         3
7071      21 26 40.0  +47 55 22     U          4
7078      21 29 58.3  +12 10 03    6.3        18
7082      21 29 17.0  +47 07 36    7.2        24
7084      21 32 33.0  +17 30 30     U         18
7086      21 30 27.5  +51 36 02    8.4        12
7089      21 33 27.2  -00 49 22    6.6        16
7092      21 31 52.0  +48 25 30    4.6        31
7093      21 34 35.8  +45 59 31     U          6
7099      21 40 22.0  -23 10 43    6.9        12
7127      21 43 52.9  +54 35 46     U          6
7128      21 43 57.7  +53 42 55    9.7         4
7142      21 45 09.4  +65 46 28    9.3        12
7160      21 53 40.2  +62 36 12    6.1         5
7175      21 58 50.0  +54 31 30     U         20
7193      22 03 03.8  +10 48 08     U        5 5
7209      22 05 08.0  +46 29 00    7.7        15
7226      22 10 27.0  +55 23 55    9.6         2
7234      22 12 24.0  +57 16 24    7.7         6
7235      22 12 24.0  +57 16 24    7.7         6
7243      22 15 08.5  +49 53 51    6.4        30
7245      22 15 12.0  +54 20 36    9.2         5
7261      22 20 10.0  +58 06 36    8.4         6
7281      22 24 55.7  +57 50 25     U         12
7295      22 28 02.0  +52 17 18    9.7         4
7296      22 28 02.0  +52 17 18    9.7         4
7352      22 39 44.2  +57 23 06     U          5
7380      22 47 21.0  +58 07 54    7.2        20
7394      22 50 12.0  +52 10 08     U        8 5
7419      22 54 20.0  +60 48 56   13.0         6
7423      22 55 06.5  +57 05 41     U          5
7429      22 56 00.0  +59 58 24     U         15
7438      22 57 20.0  +54 18 38     U         20
7453      23 01 25.6  -06 21 14     U        0.3
7492      23 08 26.7  -15 36 39   11.2       4.2
7510      23 11 04.2  +60 34 08    7.9         7
7654      23 24 48.0  +61 36 00    6.9        16
7686      23 30 07.3  +49 08 03    5.6        15
7708      23 35 00.0  +72 50 00     U         30
7762      23 50 00.0  +68 02 18   10.0        15
7772      23 51 45.0  +16 14 54     U          5
7788      23 56 46.0  +61 24 00    9.4         4
7789      23 57 28.6  +56 42 52    6.7        25
7790      23 58 24.2  +61 12 30    8.5         5
7795      23 58 34.5  +60 01 25     U         16
7826      00 05 15.0  -20 42 54     U         12
