NGC          RA            DE      MAG       X x Y       
40        00 13 01.0  +72 31 21   12.3           1.23  
206       00 40 32.3  +40 44 18   14.0            4.2  
246       00 47 03.3  -11 52 17   10.9           4.08  
248       00 45 24.0  -73 22 49     U               1  
249       00 45 31.8  -73 04 49   13.8              2  
261       00 46 27.9  -73 06 14   13.0            1.9  
281       00 52 53.8  +56 37 30     U     35.00 30.0   
346       00 59 05.0  -72 10 38     U     14.00 11.0   
361       01 02 11.1  -71 36 24   12.0            1.6  
371       01 03 26.0  -72 03 54     U             7.5  
395       01 05 07.3  -71 59 39     U              17  
456       01 13 46.0  -73 17 30     U     15.00 15.0   
460       01 14 38.0  -73 17 30   12.5              1  
588       01 32 45.7  +30 38 56   13.5           0.65  
592       01 33 12.0  +30 38 47   13.0            0.7  
595       01 33 34.0  +30 41 32   13.5            0.5  
602       01 29 26.4  -73 33 26     U              34  
604       01 34 32.6  +30 47 04   12.0           1.95  
650       01 42 18.1  +51 34 17   10.1           3.12  
651       01 42 22.0  +51 34 50   10.1           1.08  
896       02 25 27.8  +62 01 10     U     10.00 10.0   
1333      03 29 18.0  +31 25 00     U       6.00 3.0   
1360      03 33 14.6  -25 52 16    9.4           6.42  
1432      03 45 49.5  +24 22 06     U     26.00 26.0   
1435      03 46 10.0  +23 45 54     U     30.00 30.0   
1491      04 03 13.5  +51 18 58     U     25.00 25.0   
1499      04 01 10.0  +36 27 36    5.0   120.00 60.0   
1501      04 06 59.4  +60 55 17   11.5           0.87  
1514      04 09 17.0  +30 46 35   10.9            2.2  
1535      04 14 15.8  -12 44 20    9.6           0.85  
1555      04 21 56.7  +19 32 04     U             0.5  
1579      04 30 14.2  +35 16 47     U      12.00 8.0   
1714      04 52 08.4  -66 55 32   11.6            1.2  
1722      04 51 50.7  -69 23 56   13.2              1  
1727      04 52 20.0  -69 20 42   11.1            2.5  
1731      04 53 32.1  -66 55 31    9.9              8  
1743      04 54 03.2  -69 11 57     U       2.00 2.0   
1763      04 56 45.0  -66 25 06     U       5.00 3.0   
1767      04 56 27.4  -69 24 02   10.6            1.6  
1770      04 57 18.0  -68 24 54     U             1.6  
1788      05 06 53.2  -03 20 28     U       5.00 3.0   
1814      05 03 46.5  -67 18 03    9.0              1  
1829      05 04 57.4  -68 03 20     U             2.1  
1833      05 04 21.8  -70 43 54     U             2.1  
1869      05 13 52.0  -67 22 40     U              14  
1871      05 13 51.8  -67 27 10   10.1              2  
1873      05 13 55.7  -67 20 04   10.4            3.5  
1874      05 13 11.7  -69 22 35    9.0              1  
1877      05 13 39.0  -69 23 00   12.0              3  
1910      05 18 33.4  -69 13 49   11.2            8.5  
1914      05 17 39.8  -71 15 21   12.0            2.2  
1919      05 20 18.0  -66 53 20     U             1.7  
1923      05 21 34.1  -65 29 12   11.2            0.9  
1952      05 34 31.9  +22 00 52    8.4      6.00 4.0   
1955      05 26 10.0  -67 29 51    9.0            1.8  
1966      05 26 45.0  -68 48 54    8.5    13.00 13.0   
1968      05 27 24.0  -67 27 48    9.0            1.1  
1973      05 35 04.8  -04 43 55    7.0      5.00 5.0   
1974      05 28 00.4  -67 25 23    9.0            1.7  
1975      05 35 18.0  -04 41 00    7.0     10.00 5.0   
1976      05 35 17.1  -05 23 25    4.0    40.00 35.0   
1977      05 35 18.0  -04 49 15     U              20  
1980      05 35 25.0  -05 54 54     U     14.00 14.0   
1982      05 35 31.3  -05 16 03    6.8    20.00 15.0   
1985      05 37 47.8  +31 59 20   12.7           0.68  
1991      05 28 00.4  -67 25 23    9.0            1.7  
1999      05 36 25.4  -06 42 57     U       2.00 2.0   
2014      05 32 19.9  -67 41 24    9.0            1.8  
2018      05 31 20.2  -71 03 58   10.9            2.8  
2020      05 33 12.7  -67 42 57     U               2  
2022      05 42 06.2  +09 05 12   11.6           0.65  
2023      05 41 38.2  -02 15 33     U     10.00 10.0   
2024      05 41 42.0  -01 51 24     U     30.00 30.0   
2035      05 35 32.5  -67 35 08     U       3.00 3.0   
2040      05 36 07.6  -67 34 04     U       3.00 3.0   
2048      05 35 55.4  -69 38 58     U             0.5  
2052      05 37 11.1  -69 46 27     U     18.00 12.0   
2064      05 46 18.4  +00 00 21     U       1.00 1.0   
2067      05 46 32.0  +00 07 54     U       8.00 3.0   
2068      05 46 45.0  +00 04 48    8.0      8.00 6.0   
2070      05 38 42.5  -69 06 03    5.0    30.00 20.0   
2071      05 47 07.2  +00 17 39    8.0      7.00 5.0   
2075      05 38 20.8  -70 41 09   11.5              2  
2077      05 39 36.0  -69 39 26     U     15.00 15.0   
2113      05 45 24.6  -69 46 27   12.3            1.8  
2122      05 48 52.6  -70 04 12   10.4            4.5  
2149      06 03 30.7  -09 43 50     U       3.00 2.0   
2163      06 07 49.5  +18 39 27     U       3.00 2.0   
2170      06 07 31.3  -06 23 53     U       2.00 2.0   
2174      06 09 00.3  +20 38 26     U       3.50 2.0   
2175      06 09 38.6  +20 29 18     U     40.00 30.0   
2182      06 09 30.9  -06 19 35     U       2.00 2.0   
2183      06 10 46.9  -06 12 43     U       1.00 1.0   
2185      06 11 00.4  -06 13 36     U       1.00 1.0   
2237      06 30 54.6  +05 02 52     U     80.00 50.0   
2238      06 30 40.3  +05 00 47    6.0    80.00 60.0   
2242      06 34 07.4  +44 46 40   15.0           0.37  
2245      06 32 41.2  +10 09 24     U       5.00 4.0   
2247      06 33 05.1  +10 19 18     U       6.00 6.0   
2261      06 39 09.5  +08 44 40    9.0      3.00 1.0   
2282      06 46 51.2  +01 18 54     U       3.00 3.0   
2296      06 48 39.0  -16 54 04   13.0      3.00 2.4   
2316      06 59 40.8  -07 46 38     U       4.00 3.0   
2317      06 59 40.8  -07 46 38     U       4.00 3.0   
2327      07 04 07.2  -11 18 51     U       1.00 1.0   
2346      07 09 22.5  -00 48 22   11.6           0.87  
2359      07 18 30.0  -13 15 50   11.5      6.00 4.0   
2363      07 28 29.9  +69 11 34   13.0      1.60 1.0   
2371      07 25 33.9  +29 29 18   11.2           1.03  
2392      07 29 10.8  +20 54 45    9.1            0.9  
2404      07 37 07.0  +65 36 40   14.5            0.4  
2438      07 41 50.6  -14 44 05   10.8           1.27  
2440      07 41 55.4  -18 12 29    9.4           1.32  
2452      07 47 26.2  -27 20 06   12.0           0.48  
2610      08 33 23.4  -16 08 55   12.7            0.7  
2626      08 35 31.0  -40 40 20     U       5.00 5.0   
2736      09 00 17.0  -45 56 53     U      20.00 2.0   
2792      09 12 26.5  -42 25 39   11.6           0.35  
2818      09 16 10.0  -36 37 34   11.2            1.4  
2867      09 21 25.4  -58 18 40    9.7            0.4  
2899      09 27 03.0  -56 06 20   11.8      1.95 1.0   
2905      09 32 11.8  +21 31 07   15.0            0.1  
3132      10 07 01.8  -40 26 10    9.2           1.47  
3180      10 18 10.7  +41 26 57   15.0            0.2  
3181      10 18 11.5  +41 24 48   14.8            0.3  
3195      10 09 21.1  -80 51 29   11.6      0.70 0.5   
3199      10 17 24.0  -57 55 18     U     20.00 15.0   
3211      10 17 50.4  -62 40 12   10.7           0.32  
3242      10 24 46.1  -18 38 31    7.7          1.07   
3324      10 37 19.3  -58 38 03     U     16.00 14.0   
3372      10 45 06.0  -59 52 00    3.0  120.00 120.0   
3503      11 01 17.2  -59 50 50     U       3.00 3.0   
3576      11 11 32.7  -61 21 44     U       3.00 3.0   
3579      11 11 59.6  -61 14 35     U     20.00 15.0   
3587      11 14 47.7  +55 01 10    9.9           2.83  
3699      11 27 57.2  -59 57 27   11.3           0.75  
3918      11 50 17.8  -57 10 55    8.1           0.38  
4071      12 04 15.3  -67 18 33   13.0           1.27  
4361      12 24 30.8  -18 47 03   10.9            2.1  
4399      12 25 42.9  +33 31 00   14.0              1  
4400      12 25 55.9  +33 30 57   14.5            0.3  
4401      12 25 57.9  +33 31 38   14.0            0.6  
5189      13 33 32.9  -65 58 25   10.3           2.33  
5307      13 51 03.3  -51 12 19   11.2            0.3  
5315      13 53 57.1  -66 30 48    9.8           0.23  
5367      13 57 43.8  -39 58 42     U       2.00 2.0   
5408A     14 03 18.2  -41 23 13     U            0.15  
5447      14 02 29.0  +54 16 21   13.5              1  
5449      14 02 28.2  +54 19 53   14.0              1  
5450      14 02 29.0  +54 16 21   13.0              1  
5451      14 02 36.5  +54 21 49   14.0            0.3  
5453      14 02 56.7  +54 18 31   13.8            0.5  
5455      14 03 01.0  +54 14 27   13.0            0.4  
5458      14 03 12.4  +54 17 56   14.0            0.6  
5461      14 03 41.5  +54 19 05   14.0            0.6  
5462      14 03 53.0  +54 22 02   13.5              1  
5471      14 04 28.9  +54 23 51   14.7      0.60 0.5   
5844      15 10 40.7  -64 40 22   13.2           1.22  
5873      15 12 50.7  -38 07 31   11.0           0.22  
5882      15 16 50.0  -45 38 56    9.4           0.33  
5906      15 15 52.1  +56 19 50   14.5            0.1  
5979      15 47 41.1  -61 13 02   11.5            0.3  
6026      16 01 21.0  -34 32 37   12.9           0.67  
6058      16 04 26.6  +40 41 01   12.9           0.67  
6072      16 12 58.2  -36 13 46   11.7           1.63  
6153      16 31 30.6  -40 15 11   10.9            0.4  
6164      16 33 41.0  -48 04 46     U       1.00 0.3   
6165      16 34 02.0  -48 09 04     U       2.50 0.5   
6188      16 40 05.0  -48 39 42     U     20.00 12.0   
6210      16 44 29.5  +23 48 02    8.8           0.35  
6302      17 13 44.1  -37 06 12    9.6           1.48  
6309      17 14 04.3  -12 54 37   11.5           0.32  
6326      17 20 46.4  -51 45 14   12.2           0.32  
6334      17 20 48.0  -36 06 12     U     35.00 20.0   
6337      17 22 15.7  -38 28 59   12.3           0.85  
6357      17 24 43.5  -34 12 05     U     25.00 25.0   
6369      17 29 20.4  -23 45 33   11.4           0.63  
6439      17 48 19.8  -16 28 44   12.6           0.23  
6445      17 49 15.1  -20 00 32   11.2           0.73  
6514      18 02 42.0  -22 58 18    8.5    20.00 20.0   
6523      18 03 42.0  -24 22 48    5.8    45.00 30.0   
6526      18 04 06.0  -24 26 30     U       6.00 3.0   
6533      18 03 42.0  -24 22 48    5.8    45.00 30.0   
6537      18 05 13.0  -19 50 32   11.6           0.17  
6543      17 58 33.4  +66 38 01    8.1           0.33  
6559      18 09 57.6  -24 06 35     U       8.00 5.0   
6563      18 12 02.6  -33 52 04   11.0            0.8  
6565      18 11 52.5  -28 10 41   11.6           0.23  
6567      18 13 45.1  -19 04 32   11.0            0.2  
6572      18 12 06.4  +06 51 15    8.1           0.25  
6578      18 16 16.5  -20 27 00   12.9           0.18  
6589      18 16 51.7  -19 46 41     U       5.00 3.0   
6590      18 17 04.8  -19 51 58    7.0            11   
6595      18 17 04.8  -19 51 58    7.0            11   
6618      18 20 47.0  -16 10 18    6.0    20.00 15.0   
6620      18 22 54.2  -26 49 16   12.7           0.13  
6629      18 25 42.4  -23 12 08   11.3           0.27  
6644      18 32 34.7  -25 07 42   10.7            0.2  
6720      18 53 35.1  +33 01 47    8.8      3.00 2.4   
6726      19 01 39.2  -36 53 29     U       9.00 7.0   
6727      19 01 42.2  -36 52 35     U              80  
6729      19 01 55.3  -36 57 28     U     25.00 20.0   
6741      19 02 37.0  -00 26 56   11.5           0.13  
6742      18 59 19.8  +48 27 59   13.4           0.55  
6748      19 05 55.5  -05 59 30   11.9           0.43  
6751      19 05 55.5  -05 59 30   11.9           0.43  
6765      19 11 06.5  +30 32 47   12.9           0.67  
6766      20 10 23.7  +46 27 42   10.9           0.25  
6772      19 14 36.4  -02 42 22   12.7           1.43  
6778      19 18 24.9  -01 35 45   12.3           0.62  
6779      19 16 35.5  +30 11 07    8.4            8.8  
6781      19 18 28.3  +06 32 25   11.4            1.9  
6785      19 18 24.9  -01 35 45   12.3           0.62  
6790      19 22 57.0  +01 30 49   10.5           0.17  
6803      19 31 16.3  +10 03 26   11.4           0.17  
6804      19 31 35.4  +09 13 33   12.0            1.1  
6807      19 34 33.5  +05 41 04   12.0           0.13  
6813      19 40 24.0  +27 18 34     U       3.00 3.0   
6818      19 43 57.8  -14 09 09    9.3           0.77  
6820      19 42 28.0  +23 05 15   15.0      0.50 0.5   
6826      19 44 48.2  +50 31 32    8.8            0.6  
6833      19 49 46.6  +48 57 42   12.1           0.18  
6842      19 55 02.3  +29 17 23   13.1           0.95  
6852      20 00 39.2  +01 43 43   12.6           0.47  
6853      19 59 36.3  +22 43 18    7.4           6.7   
6857      20 01 48.0  +33 31 30   11.4           0.63  
6879      20 10 26.6  +16 55 25   12.5           0.15  
6881      20 10 52.5  +37 24 44   13.9           0.27  
6884      20 10 23.7  +46 27 42   10.9           0.25  
6886      20 12 42.8  +19 59 24   11.4           0.17  
6888      20 12 06.5  +38 21 18   10.0    18.00 13.0   
6891      20 15 08.9  +12 42 17   10.5           0.35  
6894      20 16 24.0  +30 33 57   12.3           0.92  
6905      20 22 23.0  +20 06 18   11.1            1.2  
6914      20 24 43.0  +42 29 00     U       3.00 3.0   
6960      20 45 42.0  +30 43 00    7.0     70.00 6.0   
6979      20 50 30.0  +32 01 36     U       7.00 3.0   
6992      20 56 18.0  +31 44 30    7.0     60.00 8.0   
6995      20 57 10.0  +31 14 00    7.0    12.00 12.0   
7000      20 59 18.0  +44 31 00    5.0  120.00 100.0   
7008      21 00 32.8  +54 32 38   10.7           1.43  
7009      21 04 10.8  -11 21 47    8.0           0.58  
7023      21 01 35.5  +68 10 10    7.1     10.00 8.0   
7026      21 06 18.6  +47 51 10   10.9           0.75  
7027      21 07 01.7  +42 14 12    8.5      0.30 0.2   
7048      21 14 15.2  +46 17 21   12.1           1.02  
7076      21 26 24.1  +62 53 30   13.5           0.93  
7094      21 36 53.0  +12 47 22   13.4           1.57  
7129      21 42 58.9  +66 06 47   11.5      7.00 7.0   
7139      21 46 08.4  +63 47 32   13.3           1.28  
7293      22 29 38.4  -20 50 11    7.3         17.57   
7354      22 40 20.0  +61 17 10   12.2            0.6  
7538      23 13 38.0  +61 30 42     U       9.00 6.0   
7635      23 20 45.0  +61 12 42   11.0     15.00 8.0   
7662      23 25 53.9  +42 32 08    8.3           0.62  
7822      00 03 36.0  +67 09 00     U             100  
