1
45
55
134
147
185
247
253
337
428
488
521
524
564
578
584
613
672
772
779
891
908
925
936
1023
1052
1073
1087
1097
1187
1232
1270
1275
1300
1332
1337
1365
1385
1395
1398
1399
1407
1421
1518
1532
1637
1744
1792
1961
1964
2146
2336
2403
2613
2655
2683
2775
2776
2784
2832
2835
2841
2903
2964
2997
2998
3003
3044
3079
3109
3115
3169
3184
3190
3198
3245
3294
3309
3310
3319
3338
3344
3377
3412
3423
3430
3432
3486
3489
3495
3504
3511
3521
3583
3593
3596
3613
3621
3631
3640
3642
3646
3666
3672
3675
3686
3705
3718
3726
3756
3810
3877
3887
3893
3898
3906
3923
3938
3949
3953
3957
3982
4013
4027
4036
4038
4039
4051
4085
4096
4111
4124
4151
4157
4178
4214
4216
4235
4236
4242
4244
4261
4274
4293
4371
4395
4414
4429
4442
4449
4450
4469
4477
4487
4490
4496
4517
4527
4535
4559
4565
4570
4593
4605
4618
4636
4651
4656
4666
4689
4697
4699
4710
4725
4753
4781
4856
4889
4958
5005
5054
5068
5077
5128
5170
5204
5247
5248
5364
5371
5566
5585
5676
5746
5846
5879
5907
5985
6015
6040
6503
6822
6946
7217
7331
7479
7606
7619
7640
7741
7793
