  NI AC RH   RM   RS   V   DG  DM  DS  BMAG   X     Y       TYPE
IC342       3   46 48.4 +    68   5  44   9.1 21.40  20.9    SBc
IC1613      1    4 47.5 +     2   7   7   9.9 16.60  14.9    IBm
IC4895     19   44 56.6 -    14  48  23   9.3 15.40  14.2    IBm
IC2574     10   28 22.4 +    68  25   0  10.8 13.20   5.4    SBm
IC5332     23   34 27.4 -    36   6   5  11.2  8.90   8.2    SBcd
IC5201     22   20 57.5 -    46   2   5  11.5  8.50   3.9    SBc
IC2531      9   59 55.7 -    29  37   4  12.9  6.90   0.6     Sc
IC10       0   20 24.5 +    59  17  33  11.8  6.40   5.3    IBm
IC3064     12   15 16.7 +    13   1  22  12.8  6.40   1.1    Sbc
IC356       4    7 46.3 +    69  48  43  11.4  5.90   3.9    Sb/P
IC4351     13   57 53.8 -    29  18  56  12.6  5.90   0.9     Sb
IC5052     20   52  7.1 -    69  12  19  11.2  5.90   0.9    SBcd
IC1727      1   47 30.0 +    27  19  57  12.1  5.70   2.4    SBm
IC4948     20   24 27.9 -    43  39  11  11.6  5.60   3.9    SBa
IC5267     22   57 13.7 -    43  23  45  11.4  5.20   3.9    S0-a
IC1459     22   57 10.4 -    36  27  45  11.0  5.20   1.8     E3
IC5265     22   57 10.4 -    36  27  45  11.0  5.20   1.8     E3
IC4721     18   34 24.7 -    58  29  50  12.4  5.20   1.5    SBc
IC3042     12   12 46.2 +    10  51  51  11.9  5.00   1.7    SBcd
IC4182     13    5 49.3 +    37  36  23  11.8  4.80   4.1     Sm
IC764      12   10 14.0 -    29  44  13  12.9  4.80   1.4    SBc
IC2469      9   23  1.4 -    32  26  59  12.0  4.70   1.0    SBab
IC239       2   36 27.9 +    38  58   8  11.8  4.60   4.2    SBa
IC2233      8   13 59.0 +    45  44  23  13.1  4.60   0.5    SBcd
IC2133      5   42  3.9 +    69  22  43  11.7  4.50   3.1    SBbc
IC5308     23   19 20.8 -    42  15  29  12.1  4.40   1.4    SBc
IC5176     22   14 55.0 -    66  51   0  13.5  4.40   0.5    SBbc
IC3011     12    8  9.5 +    10  22  44  12.2  4.30   1.4    S0-a
IC3667     12   41 33.0 +    41   9   4  11.2  4.20   3.4    SBm
IC4338     13   52 54.5 -     1   6  49  12.0  4.20   3.0    SBc
IC3961     12   59  1.8 +    34  51  43  14.1  4.20   1.6    SBm
IC3098     12   17  9.7 +     7  11  27  12.6  4.20   0.9     Sa
IC4402     14   21 12.9 -    46  17  54  12.0  4.20   0.9     Sb
IC4551     15   37 36.2 +     5  58  25  12.6  4.10   3.3    SBcd
IC2571     10   21 34.8 -    34  16   1  11.8  4.10   2.7     Sb
IC1712      1   31 20.5 -     6  52   2  11.4  4.10   2.0     E4
IC2000      3   49  7.6 -    48  51  30  12.6  4.10   0.8    SBc
IC5078     21    2 31.2 -    16  49   6  13.6  4.10   0.8     Sc
IC4837     19   15 15.9 -    54   7  59  12.6  4.10   0.7     Sb
IC4633     17   13 47.1 -    77  32   9  13.7  4.00   3.0     Sc
IC5269     22   56 36.5 -    36  15   0  13.2  4.00   0.7    SBc
IC983      14   10  4.3 +    17  44   4  12.5  3.90   2.6    SBab
IC5237     22   42 17.9 -    30   3  27  12.7  3.90   1.0     Sc
IC4901     19   54 23.5 -    58  42  48  12.2  3.80   2.7     Sc
IC284       3    6  9.9 +    42  22  18  12.5  3.80   1.2     Sd
IC3104     12   18 46.1 -    79  43  51  13.2  3.70   1.7    IBm
IC3877     12   54 48.5 +    19  10  35  13.7  3.70   0.9    SBc
IC3588     12   36 56.4 +    14  13   3  11.8  3.60   3.2     Sc
IC4710     18   28 38.8 -    66  58  59  12.5  3.60   2.8    SBm
IC1983      3   40 56.9 -    22  33  51  12.8  3.60   1.7    S0-a
IC1898      3   10 20.4 -    22  24  14  13.4  3.60   0.6    SBc
IC5249     22   47  6.4 -    64  49  50  14.3  3.60   0.4    SBcd
IC4765     18   47 18.1 -    63  19  52  12.2  3.50   1.9     E5
IC4831     19   14 44.1 -    62  16  19  12.3  3.50   0.9    Sab
IC4810     19    3  0.1 -    56   9  37  13.1  3.50   0.4    SBcd
IC4871     19   35 42.2 -    57  31   8  13.8  3.50   0.4    SBcd
IC4872     19   35 42.2 -    57  31   8  13.8  3.50   0.4    SBcd
IC5294     23   16 10.6 -    42  35   5  11.3  3.40   2.7    SBab
IC1914      3   19 25.1 -    49  35  57  13.3  3.40   1.6    SBcd
IC4375     14    8  2.9 -    33  18  53  12.5  3.40   1.0    SBbc
IC5071     21    1 19.9 -    72  38  35  13.2  3.40   0.8    SBc
IC3322     12   25 42.7 +     7  13   1  13.8  3.40   0.4    SBc
IC421       5   32  8.5 -     7  55   4  15.0  3.30   2.9    SBbc
IC1558      0   35 47.1 -    25  22  28  12.6  3.30   2.4    SBm
IC2585     10   30 26.5 -    35  21  36  12.9  3.30   1.8    SB0
IC529       9   18 32.9 +    73  45  35  12.3  3.30   1.3     Sc
IC629      10   37  2.3 -    27  33  56  12.7  3.30   1.2     Sb
IC1723      1   43 14.1 +     8  53  20  13.9  3.30   0.8     Sb
IC4329     13   49  5.3 -    30  17  46  12.2  3.20   1.9   E/SB0
IC4662     17   47  8.5 -    64  38  31  11.7  3.20   1.9    IBm
IC165       1   50 14.1 +    27  38  46  13.3  3.20   0.6     Sb
IC5270     22   57 55.0 -    35  51  28  12.9  3.20   0.6    SBc
IC5096     21   18 21.5 -    63  45  39  13.1  3.20   0.5    Sbc
IC5250     22   47 17.2 -    65   3  38  12.1  3.10   3.0     S0
IC4212     13   12  2.8 -     6  59  37  14.5  3.10   2.4    SBc
IC2560     10   16 18.6 -    33  33  48  12.5  3.10   2.0    SBb
IC4785     18   52 55.2 -    59  15  18  13.0  3.10   1.4    SBb
IC467       7   30 17.8 +    79  52  21  13.2  3.10   1.2    SBc
IC1970      3   36 31.2 -    43  57  24  12.8  3.10   0.6     Sb
IC5171     22   10 56.6 -    46   4  55  13.4  3.10   0.5    SBbc
IC3608     12   38 37.4 +    10  28  33  14.6  3.10   0.4     Sb
IC1751      1   56 20.9 +     5  37  43  12.2  3.00   2.9     E0
IC2166      6   26 55.8 +    59   4  47  13.2  3.00   2.1    SBbc
IC4949     20    7 19.4 -    48  22  10  12.1  3.00   2.0    E-S0
IC1954      3   31 31.1 -    51  54  15  12.2  3.00   1.5    SBb
IC4386     14   15  2.3 -    43  57  41  13.1  3.00   1.5    SBd
IC2554     10    8 50.5 -    67   1  54  12.5  3.00   1.2    SBbc
IC2163      6   16 28.0 -    21  22  35  12.4  3.00   1.2    SBc
IC65       1    0 55.3 +    47  40  54  13.5  3.00   0.9    SBbc
IC2995     12    5 47.0 -    27  56  30  12.9  3.00   0.8    SBc
IC4635     17   15 40.4 -    77  29  21  14.8  3.00   0.7    SBb
IC2513      9   50  0.6 -    32  53   2  13.3  3.00   0.6    Sab
IC2514      9   50  0.6 -    32  53   2  13.3  3.00   0.6    Sab
IC5244     22   44 13.5 -    64   2  35  13.4  3.00   0.4     Sb
IC1862      2   51 58.8 -    33  20  24  14.1  3.00   0.3    Sbc
