 NI AC  RH    RM    RS    V     DG    DM    DS   BMAG     X      Y      TYPE
6744      19     9  46.1  -       63    51    24    9.1  20.10   12.9   SBbc
4945      13     5  26.1  -       49    27    46    9.3  19.80    4.0   SBc
300        0    54  53.3  -       37    41     3    8.7  19.00   12.9   Scd
4631      12    42   7.6  +       32    32    30    9.8  15.20    2.8   SBcd
3628      11    20  16.7  +       13    35    24   10.3  13.10    3.1    Sb
1269       3    17  18.3  -       41     6    26    9.4  11.00    9.5  SB0-a
1291       3    17  18.3  -       41     6    26    9.4  11.00    9.5  SB0-a
1316       3    22  41.4  -       37    12    28    9.4  11.00    7.2   SB0
5033      13    13  28.0  +       36    35    36   10.8  10.70    5.0    Sc
4437      12    32  45.6  +        0     6    56   11.1  10.50    1.5    Sc
1560       4    32  47.5  +       71    52    46   12.2   9.80    1.5   Scd
7424      22    57  18.4  -       41     4    15   11.0   9.50    8.1   SBc
5084      13    20  16.7  -       21    49    39   11.6   9.30    1.7    S0
1313       3    18  16.0  -       66    29    43    9.2   9.20    7.2   SBcd
1512       4     3  54.0  -       43    20    56   11.1   8.90    5.6   SBa
4762      12    52  55.9  +       11    13    50   11.1   8.70    1.7   SB0
5102      13    21  57.0  -       36    37    54   10.4   8.60    2.7   E-S0
4438      12    27  45.6  +       13     0    31   11.0   8.50    3.0   S0-a
660        1    43   1.8  +       13    38    37   12.0   8.30    3.2 SBa/PRG
1566       4    20   0.5  -       54    56    14   10.3   8.20    6.5   SBbc
2366       7    28  54.8  +       69    12    58   11.5   8.10    3.0   IBm
4214      12    15  38.8  +       36    19    39   10.2   8.00    6.6   IBm
4228      12    15  38.8  +       36    19    39   10.2   8.00    6.6   IBm
4536      12    34  26.9  +        2    11    14   11.2   7.60    3.2   SBbc
1055       2    41  45.3  +        0    26    34   11.4   7.60    2.7   SBb
1448       3    44  31.3  -       44    38    45   11.4   7.60    1.7    Sc
1457       3    44  31.3  -       44    38    45   11.4   7.60    1.7    Sc
7090      21    36  27.7  -       54    33    18   11.3   7.30    1.2   SBc
3359      10    46  36.3  +       63    13    24   11.0   7.20    4.4   SBc
474        1    20   6.7  +        3    24    58   12.4   7.10    6.3    S0
4526      12    34   2.8  +        7    41    56   10.3   7.00    2.5   SB0
4560      12    34   2.8  +        7    41    56   10.3   7.00    2.5   SB0
4365      12    24  28.2  +        7    19     3   10.5   6.90    5.0    E3
5317      13    56  11.9  +        5     0    56   11.2   6.80    4.4  Sbc/P
5792      14    58  22.6  -        1     5    25   12.1   6.80    1.7   SBb
1672       4    45  42.8  -       59    14    52   10.3   6.70    5.6   SBb
4731      12    51   1.0  -        6    23    33   11.9   6.60    4.2  SBc/P
784        2     1  17.1  +       28    50    17   12.2   6.60    1.6   SBd
1433       3    42   1.2  -       47    13    19   10.7   6.50    5.9   SBa
1808       5     7  42.5  -       37    30    48   10.7   6.50    3.9   SBa
2768       9    11  37.4  +       60     2    11   10.8   6.40    3.0    E6
4866      12    59  27.0  +       14    10    17   12.1   6.40    1.5   S0-a
4206      12    15  16.7  +       13     1    22   12.8   6.40    1.1   Sbc
2805       9    20  20.4  +       64     6    10   11.5   6.30    4.8   SBd
6140      16    20  57.0  +       65    23    24   11.8   6.30    4.6  SBc/P
2541       8    14  40.0  +       49     3    43   12.3   6.30    3.2   SBc
2280       6    44  48.9  -       27    38    20   10.9   6.30    3.0    Sc
6384      17    32  24.2  +        7     3    39   11.1   6.20    4.1   SBbc
3137      10     9   7.4  -       29     3    49   12.1   6.20    2.2   SBc
3717      11    31  32.0  -       30    18    30   12.2   6.20    1.0    Sb
4144      12     9  59.3  +       46    27    26   12.1   6.10    1.5   SBc
2442       7    36  23.8  -       69    31    51   11.2   6.00    5.0   SBbc
2443       7    36  23.8  -       69    31    51   11.2   6.00    5.0   SBbc
5322      13    49  14.9  +       60    11    25   11.1   6.00    4.1    E2
6872      20    16  57.0  -       70    46     4   12.7   6.00    1.5  SBb/P
5529      14    15  34.0  +       36    13    37   12.8   6.00    0.7    Sc
5195      13    29  59.2  +       47    16     3   10.5   5.90    4.6  SB0-a
4145      12    10   1.7  +       39    52    58   11.8   5.90    4.1   SBcd
1350       3    31   7.9  -       33    37    38   11.2   5.90    3.1   SBab
2976       9    47  14.7  +       67    55     3   10.8   5.90    2.7   Sc/P
7184      22     2  39.9  -       20    48    45   11.7   5.90    1.3   SBc
4125      12     8   5.5  +       65    10    28   10.7   5.80    3.2   E6/P
1425       3    42  11.5  -       29    53    39   11.3   5.80    2.5    Sb
625        1    35   4.4  -       41    26    15   11.7   5.80    1.9   SBm
4592      12    39  18.6  -        0    31    53   12.2   5.80    1.5    Sd
24        0     9  56.1  -       24    57    52   12.2   5.80    1.3    Sc
5023      13    12  11.7  +       44     2    14   12.9   5.80    0.8    Sc
1367       3    35   1.2  -       24    56     0   11.6   5.60    3.9   SBa
1371       3    35   1.2  -       24    56     0   11.6   5.60    3.9   SBa
6902      20    24  27.9  -       43    39    11   11.6   5.60    3.9   SBa
4976      13     8  37.4  -       49    30    21   11.0   5.60    3.0    E4
5161      13    29  13.7  -       33    10    28   12.0   5.60    2.3    Sc
4088      12     5  34.6  +       50    32    26   11.2   5.60    2.1   SBbc
3448      10    54  38.8  +       54    18    19   12.5   5.60    1.7   S0-a
4388      12    25  46.9  +       12    39    43   11.8   5.60    1.5    Sb
5297      13    46  23.4  +       43    52    21   12.5   5.60    1.3   SBc
1079       2    43  44.5  -       29     0    10   12.4   5.50    3.1 SB0-a/P
4939      13     4  14.3  -       10    20    24   11.9   5.50    2.8   Sbc
7814       0     3  14.8  +       16     8    43   11.6   5.50    2.3   Sab
7456      23     2  10.1  -       39    34     9   12.4   5.50    1.6    Sc
5101      13    21  46.0  -       27    25    51   11.6   5.40    4.6  SB0-a
3371      10    48  16.7  +       12    37    43   10.9   5.40    2.7  E/SB0
3384      10    48  16.7  +       12    37    43   10.9   5.40    2.7  E/SB0
4100      12     6   8.3  +       49    34    58   11.9   5.40    1.7   Sbc
1515       4     4   2.1  -       54     6     0   12.1   5.40    1.3   SBbc
3981      11    56   7.0  -       19    53    50   11.8   5.30    2.5   SBbc
1253       3    14   9.2  -        2    49    23   12.3   5.30    2.3   SBc
4302      12    21  42.2  +       14    35    54   12.5   5.30    1.0    Sc
4183      12    13  16.8  +       43    41    53   12.9   5.30    0.7    Sc
3077      10     3  20.3  +       68    44     6   10.6   5.20    4.7    Sd
3945      11    53  13.4  +       60    40    31   11.8   5.20    3.5   SB0
7410      22    55   0.6  -       39    39    44   11.2   5.20    1.6   SBa
4217      12    15  50.6  +       47     5    24   12.0   5.20    1.5    Sb
5965      15    34   2.0  +       56    41     8   12.6   5.20    0.7    Sb
289        0    52  42.1  -       31    12    20   11.7   5.10    3.6   SBbc
3263      10    29  13.3  -       44     7    22   12.5   5.10    1.4   SBc
3175      10    14  42.3  -       28    52    16   12.1   5.10    1.3   SBab
210        0    40  34.8  -       13    52    21   11.6   5.00    3.3   SBb
4654      12    43  56.5  +       13     7    35   11.1   5.00    3.1   SBcd
7582      23    18  23.5  -       42    22    11   11.4   5.00    2.3   SBab
5253      13    39  55.8  -       31    38    30   10.9   5.00    1.9   S/P
3917      11    50  45.6  +       51    49    29   12.5   5.00    1.1    Sc
4173      12    12  21.5  +       29    12    26   13.6   5.00    0.7   Scd
1549       4    15  45.0  -       55    35    29   10.7   4.90    4.1    E0
2090       5    47   1.6  -       34    15     3   12.0   4.90    2.4    Sc
3733      11    35   1.7  +       54    51     1   12.9   4.90    2.2   SBc
2427       7    36  27.9  -       47    38     9   12.3   4.90    2.0   SBdm
4845      12    58   0.9  +        1    34    32   12.1   4.90    1.3   Sab
5921      15    21  56.3  +        5     4    13   11.5   4.80    4.0   SBbc
4494      12    31  24.1  +       25    46    31   10.7   4.80    3.5    E1
1340       3    28  19.5  -       31     4     5   11.3   4.80    3.1    E5
1344       3    28  19.5  -       31     4     5   11.3   4.80    3.1    E5
3166      10    13  45.5  +        3    25    33   11.3   4.80    2.3  SB0-a
1325       3    24  25.5  -       21    32    35   12.2   4.80    1.6   SBbc
2715       9     8   5.9  +       78     5     9   11.8   4.80    1.6   SBc
5474      14     5   1.4  +       53    39    46   11.3   4.70    4.7    Sc
2217       6    21  39.8  -       27    14     3   11.7   4.70    4.3  SB0-a
5643      14    32  40.7  -       44    10    28   10.7   4.70    4.2   SBc
1179       3     2  38.5  -       18    53    52   12.6   4.70    3.8   SBc
864        2    15  27.5  +        6     0     7   11.4   4.70    3.5   SBc
7727      23    39  53.7  -       12    17    34   11.5   4.70    3.5  SBa/P
4696      12    48  49.1  -       41    18    42   11.4   4.70    3.3   E1/P
1249       3    10   1.1  -       53    20    10   12.2   4.70    2.5   SBc
720        1    53   0.4  -       13    44    19   11.2   4.70    2.4    E5
5377      13    56  16.7  +       47    14     8   12.2   4.70    2.4   SBa
6118      16    21  48.7  -        2    17     1   12.4   4.70    1.9    Sc
5523      14    14  51.4  +       25    19     6   12.9   4.70    1.1    Sc
5496      14    11  37.8  -        1     9    30   12.8   4.70    0.9   SBcd
2859       9    24  18.6  +       34    30    48   11.8   4.60    4.1  SB0-a
3607      11    16  54.5  +       18     3     8   10.8   4.60    4.0   E-S0
2985       9    50  21.4  +       72    16    43   11.2   4.60    3.4    Sb
6684      18    48  57.4  -       65    10    22   11.3   4.60    2.9   SB0
3614      11    18  21.6  +       45    44    55   12.3   4.60    2.6    Sc
2685       8    55  34.9  +       58    44     5   12.1   4.60    2.5  SB0-a
3585      11    13  17.3  -       26    45    18   10.9   4.60    2.5    E6
4568      12    36  34.2  +       11    14    19   11.7   4.60    2.2   Sbc
7314      22    35  45.9  -       26     3     1   11.6   4.60    2.0   SBbc
4064      12     4  11.0  +       18    26    36   12.2   4.60    1.7   SBa
4312      12    22  31.4  +       15    32    17   12.5   4.60    1.1   Sab
5850      15     7   7.5  +        1    32    39   11.5   4.50    3.9   SBb
7049      21    19   0.2  -       48    33    41   11.7   4.50    3.0    S0
1553       4    16  10.6  -       55    46    46   10.3   4.50    2.8    S0
4473      12    29  48.7  +       13    25    47   11.2   4.50    2.5    E5
3239      10    25   5.5  +       17     9    37   11.7   4.50    2.4  IBm/P
7713      23    36  15.3  -       37    56    20   11.5   4.50    1.8   SBcd
7531      23    14  48.4  -       43    35    56   12.0   4.50    1.7   Sbc
3254      10    29  19.9  +       29    29    32   12.4   4.50    1.4   Sbc
4330      12    23  17.0  +       11    22     7   13.1   4.50    0.9    Sc
678        1    49  24.8  +       21    59    49   13.3   4.50    0.8   SBb
3365      10    46  12.7  +        1    48    46   13.2   4.50    0.8    Sc
4256      12    18  42.8  +       65    53    54   12.7   4.50    0.8    Sb
4930      13     4   5.1  -       41    24    41   12.0   4.40    3.6   SBb
1530       4    23  26.9  +       75    17    40   12.3   4.40    2.5   SBb
4754      12    52  17.6  +       11    18    50   11.5   4.40    2.4   SB0
7497      23     9   3.5  +       18    10    39   13.0   4.40    1.7   SBc
7599      23    19  20.8  -       42    15    29   12.1   4.40    1.4   SBc
6925      20    34  20.5  -       31    58    48   12.1   4.40    1.1   Sbc
5701      14    39  11.1  +        5    21    49   11.8   4.30    4.1  SB0-a
1042       2    40  23.9  -        8    26     3   11.6   4.30    3.6   SBc
3665      11    24  43.6  +       38    45    47   11.8   4.30    3.3    S0
4123      12     8  11.2  +        2    52    42   12.0   4.30    3.2   SBb
6300      17    16  59.7  -       62    49    13   11.0   4.30    2.8   SBb
7457      23     0  59.8  +       30     8    41   12.1   4.30    2.3   E-S0
1617       4    31  39.5  -       54    36     7   11.4   4.30    2.1   SBa
4818      12    56  48.9  -        8    31    30   12.0   4.30    1.5   SBab
4119      12     8   9.5  +       10    22    44   12.2   4.30    1.4   S0-a
1003       2    39  16.6  +       40    52    22   12.0   4.30    1.3    Sc
2310       6    53  53.8  -       40    51    49   12.7   4.30    0.8    S0
7462      23     2  46.2  -       40    50     8   12.2   4.30    0.8   SBbc
4314      12    22  31.8  +       29    53    45   11.4   4.20    3.7   SBa
5390      13    55  40.0  +       40    27    44   11.3   4.20    3.4   SBbc
4030      12     0  23.4  -        1     6     2   11.4   4.20    3.2   Sbc
5334      13    52  54.5  -        1     6    49   12.0   4.20    3.0   SBc
1255       3    13  32.0  -       25    43    28   11.4   4.20    2.7   SBbc
5042      13    15  30.8  -       23    59     2   12.5   4.20    2.2   SBc
6674      18    38  33.9  +       25    22    28   13.0   4.20    2.1   SBb
1954       5    32  48.3  -       14     3    44   12.4   4.20    2.0   Sbc
5530      14    18  27.1  -       43    23    13   12.1   4.20    1.8   SBbc
4861      12    59   1.8  +       34    51    43   14.1   4.20    1.6   SBm
5838      15     5  26.0  +        2     5    56   11.9   4.20    1.5   E-S0
3200      10    18  36.4  -       17    58    56   12.8   4.20    1.3   SBbc
4179      12    12  52.1  +        1    17    59   11.9   4.20    1.3    S0
4460      12    28  45.5  +       44    51    52   12.2   4.20    1.3  SB0-a
5987      15    39  56.9  +       58     4    47   12.7   4.20    1.3    Sb
3749      11    35  53.0  -       37    59    51   13.2   4.20    1.2    Sa
2188       6    10   9.7  -       34     6    18   12.1   4.20    1.1   SBm
4010      11    58  37.1  +       47    15    37   13.0   4.20    0.9   SBcd
2654       8    49  12.0  +       60    13    15   12.7   4.20    0.8   SBab
100        0    24   2.6  +       16    29    11   13.9   4.20    0.5    Sc
3227      10    23  30.4  +       19    51    55   11.1   4.10    3.9   SBa
5419      14     3  38.7  -       33    58    42   11.9   4.10    3.3    E2
5556      14    20  34.0  -       29    14    29   12.5   4.10    3.3   SBcd
5964      15    37  36.2  +        5    58    25   12.6   4.10    3.3   SBcd
7140      21    52  15.1  -       55    34    11   12.2   4.10    3.0   SBbc
7141      21    52  15.1  -       55    34    11   12.2   4.10    3.0   SBbc
3223      10    21  34.8  -       34    16     1   11.8   4.10    2.7    Sb
1784       5     5  27.1  -       11    52    16   12.4   4.10    2.6   SBc
5363      13    56   7.1  +        5    15    14   11.1   4.10    2.6   S0-a
4597      12    40  12.3  -        5    48     2   12.7   4.10    1.9   SBc
4488      12    30  51.3  +        8    21    35   13.1   4.10    1.7  SB0-a
988        2    35  27.3  -        9    21    18   11.4   4.10    1.6   SBc
4094      12     5  53.9  -       14    31    34   12.7   4.10    1.5   SBc
5389      13    56   6.4  +       59    44    30   12.9   4.10    1.1  SB0-a
7332      22    37  24.6  +       23    47    53   12.0   4.10    1.1   S0/P
3510      11     3  43.7  +       28    53     5   12.7   4.10    0.8   SBm
3600      11    15  52.0  +       41    35    28   12.6   4.10    0.8    Sa
2816       9    21  46.0  +       64    15    31   13.3   4.10    0.4  SBc/P
2820       9    21  46.0  +       64    15    31   13.3   4.10    0.4  SBc/P
1574       4    21  58.6  -       56    58    28   11.4   4.00    3.6   E/S0
2292       6    47  39.4  -       26    44    47   12.0   4.00    3.5   SB0
7095      21    52  24.8  -       81    31    53   12.2   4.00    3.3    Sc
986        2    33  34.1  -       39     2    45   11.6   4.00    3.2   SBab
2293       6    47  42.8  -       26    45    17   12.3   4.00    3.2  SB0-a
2911       9    33  46.5  +       10     9    10   12.5   4.00    3.1    S0
3557      11     9  57.4  -       37    32    22   11.4   4.00    3.0    E3
4596      12    39  56.0  +       10    10    35   11.4   4.00    3.0  SB0-a
5112      13    21  56.6  +       38    44     7   12.6   4.00    2.9   SBc
5669      14    32  44.0  +        9    53    32   12.0   4.00    2.8   SBc
5813      15     1  11.1  +        1    42     7   11.5   4.00    2.8    E1
1169       3     3  34.8  +       46    23    11   12.2   4.00    2.6   SBb
5905      15    15  23.3  +       55    31     4   12.5   4.00    2.6   SBb
7098      21    44  16.0  -       75     6    39   12.2   4.00    2.6   SBa
4698      12    48  23.0  +        8    29    18   11.5   4.00    2.5   Sab
1380       3    36  27.5  -       34    58    31   10.9   4.00    2.4   SB0
6943      20    44  33.7  -       68    44    53   12.1   4.00    2.2   SBc
7205      22     8  33.2  -       57    26    33   11.6   4.00    2.0   Sbc
4839      12    57  24.4  +       27    29    51   13.0   4.00    1.9    E5
5078      13    19  49.8  -       27    24    35   12.0   4.00    1.9    Sa
4062      12     4   3.8  +       31    53    43   11.9   4.00    1.8   SBc
7013      21     3  33.6  +       29    53    49   12.4   4.00    1.4   S0-a
674        1    51  17.5  +       22    21    27   12.8   4.00    1.3   SBbc
697        1    51  17.5  +       22    21    27   12.8   4.00    1.3   SBbc
6689      18    34  49.9  +       70    31    27   13.1   4.00    1.3   SBcd
6690      18    34  49.9  +       70    31    27   13.1   4.00    1.3   SBcd
5775      14    53  57.4  +        3    32    42   12.2   4.00    1.1   SBc
676        1    48  57.2  +        5    54    22   12.8   4.00    1.0   S0-a
4835      12    58   7.7  -       46    15    54   12.4   4.00    0.9   SBbc
3735      11    35  57.1  +       70    32     8   12.6   4.00    0.8    Sc
5301      13    46  24.2  +       46     6    27   13.4   4.00    0.8   SBc
1302       3    19  51.1  -       26     3    38   11.6   3.90    3.7  SB0-a
4136      12     9  17.8  +       29    55    40   11.8   3.90    3.6   SBc
5483      14    10  25.0  -       43    19    30   11.9   3.90    3.6   SBc
3147      10    16  53.2  +       73    24     1   11.4   3.90    3.5   Sbc
3313      10    37  25.5  -       25    19     8   12.2   3.90    3.2   SBab
6951      20    37  14.0  +       66     6    21   11.6   3.90    3.2   SBbc
6952      20    37  14.0  +       66     6    21   11.6   3.90    3.2   SBbc
1326       3    23  56.4  -       36    27    51   11.4   3.90    2.9   SB0
4941      13     4  13.0  -        5    33     5   11.9   3.90    2.7   SBab
1537       4    13  40.7  -       31    38    44   11.5   3.90    2.6  E/SB0
7083      21    35  44.6  -       63    54    12   11.9   3.90    2.3   Sbc
2207       6    16  21.8  -       21    22    22   11.7   3.90    2.2  SBbc/P
150        0    34  15.7  -       27    48    18   12.0   3.90    1.9   SBb
1090       2    46  34.0  -        0    14    52   12.5   3.90    1.8   SBbc
1024       2    39  11.8  +       10    50    52   13.1   3.90    1.5   Sab
1527       4     8  24.1  -       47    53    48   11.7   3.90    1.5   SB0
4220      12    16  11.8  +       47    52    59   12.3   3.90    1.5   S0-a
3027       9    55  40.3  +       72    12    15   12.2   3.90    1.4   SBcd
4448      12    28  15.5  +       28    37    17   12.0   3.90    1.4   SBab
4402      12    26   7.8  +       13     6    47   12.6   3.90    1.1    Sb
7361      22    42  17.9  -       30     3    27   12.7   3.90    1.0    Sc
931        2    28  14.5  +       31    18    40   13.6   3.90    0.8   Sbc
1406       3    39  23.0  -       31    19    20   12.4   3.90    0.7   SBbc
3936      11    52  20.4  -       26    54    21   12.9   3.90    0.7   SBbc
5422      14     0  41.8  +       55     9    53   12.8   3.90    0.7   S0-a
3501      11     2  47.3  +       17    59    23   13.6   3.90    0.5    Sc
4289      12    21   2.4  +        3    43    22   14.6   3.90    0.4    Sc
4278      12    20   6.7  +       29    16    49   11.1   3.80    3.8    E1
5206      13    33  43.8  -       48     9     7   11.9   3.80    3.3   SB0
1543       4    12  43.1  -       57    44    14   11.5   3.80    2.8   SB0
7412      22    55  46.1  -       42    38    29   11.9   3.80    2.8   SBb
7755      23    47  51.9  -       30    31    25   12.6   3.80    2.8   SBc
5576      14    21   3.7  +        3    16    17   11.9   3.80    2.7    E3
1427       3    42  19.2  -       35    23    34   11.8   3.80    2.6    E3
3054       9    54  28.7  -       25    42    13   12.6   3.80    2.4   SBb
5300      13    48  15.9  +        3    57     2   12.1   3.80    2.4   SBc
533        1    25  31.4  +        1    45    33   12.4   3.80    2.3    E3
4116      12     7  37.0  +        2    41    28   12.4   3.80    2.3   SBc
3447      10    53  24.0  +       16    46    19   13.9   3.80    2.2  SBdm/P
3256      10    27  51.4  -       43    54    19   12.2   3.80    2.1   Sb/P
5365      13    57  50.5  -       43    55    55   12.5   3.80    2.1   SB0
5448      14     2  50.4  +       49    10    21   11.9   3.80    2.0   SBa
151        0    34   2.8  -        9    42    18   12.3   3.80    1.6   SBbc
153        0    34   2.8  -        9    42    18   12.3   3.80    1.6   SBbc
4951      13     5   7.5  -        6    29    39   12.6   3.80    1.6   SBc
2549       8    18  58.3  +       57    48    11   12.2   3.80    1.2    S0
3976      11    55  57.2  +        6    44    54   12.3   3.80    1.2   SBb
4586      12    38  28.3  +        4    19     7   12.6   3.80    1.2    Sa
7183      22     2  21.2  -       18    54    56   12.9   3.80    1.1   S0-a
4313      12    22  38.3  +       11    48     4   12.8   3.80    0.9   Sab
4771      12    53  20.9  +        1    16    12   13.0   3.80    0.9   Scd
7064      21    29   3.2  -       52    46     2   13.1   3.80    0.7   SBc
7144      21    52  42.6  -       48    15    17   11.7   3.70    3.6    E0
514        1    24   3.9  +       12    55     2   12.2   3.70    3.0   SBc
2935       9    36  44.6  -       21     7    40   12.1   3.70    2.8   SBb
7329      22    40  24.2  -       66    28    45   12.1   3.70    2.7   SBbc
2782       9    14   5.0  +       40     6    49   12.3   3.70    2.4   SBa
3041       9    53   7.1  +       16    40    39   12.3   3.70    2.4   SBc
3673      11    25  12.7  -       26    44    12   12.3   3.70    2.4   SBb
1569       4    30  49.1  +       64    50    53   11.9   3.70    1.8   IBm
6643      18    19  45.6  +       74    34     6   11.7   3.70    1.8    Sc
4357      12    23  59.1  +       48    46    48   13.2   3.70    1.3   Sbc
4381      12    23  59.1  +       48    46    48   13.2   3.70    1.3   Sbc
2770       9     9  33.5  +       33     7    27   12.8   3.70    1.1    Sc
4219      12    16  27.4  -       43    19    21   12.7   3.70    1.1   Sbc
3972      11    55  45.3  +       55    19    12   13.0   3.70    1.0   SBbc
5290      13    45  19.1  +       41    42    47   13.0   3.70    1.0   Sbc
1596       4    27  38.0  -       55     1    35   12.1   3.70    0.9    S0
2992       9    45  41.9  -       14    19    37   13.1   3.70    0.9    Sa
1622       4    36  36.6  -        3    11    18   13.4   3.70    0.7   SBab
5308      13    47   0.0  +       60    58    22   12.3   3.70    0.7    S0
973        2    34  20.1  +       32    30    20   13.6   3.70    0.5    Sb
2681       8    53  32.5  +       51    18    47   11.1   3.60    3.3  SB0-a
3059       9    50   8.0  -       73    55    17   11.7   3.60    3.2   SBbc
4571      12    36  56.4  +       14    13     3   11.8   3.60    3.2    Sc
685        1    47  42.8  -       52    45    43   11.5   3.60    3.1   SBc
4204      12    15  14.2  +       20    39    32   12.9   3.60    2.9   SBdm
5892      15    13  48.1  -       15    27    51   12.4   3.60    2.9   SBcd
6868      20     9  54.0  -       48    22    48   11.7   3.60    2.8    E2
2283       6    45  52.6  -       18    12    37   12.2   3.60    2.7   SBc
895        2    21  36.5  -        5    31    16   12.3   3.60    2.6    Sc
4373      12    25  17.7  -       39    45    38   11.9   3.60    2.6  E/SB0
4984      13     8  57.1  -       15    30    57   12.3   3.60    2.5  SB0-a
5832      14    57  45.7  +       71    40    53   12.9   3.60    2.2   SBb
1201       3     4   7.9  -       26     4     8   11.7   3.60    2.1   E/S0
2552       8    19  19.6  +       50     0    25   12.6   3.60    2.1   SBm
2273       6    50   8.4  +       60    50    45   12.6   3.60    2.0   SBa
3095      10     0   5.7  -       31    33    12   12.4   3.60    2.0   SBc
6070      16     9  58.6  +        0    42    36   12.5   3.60    1.8    Sc
1415       3    40  56.9  -       22    33    51   12.8   3.60    1.7   S0-a
5320      13    50  20.2  +       41    21    58   12.8   3.60    1.7   SBc
3187      10    17  47.7  +       21    52    26   13.9   3.60    1.6  SBc/P
2713       8    57  20.6  +        2    55    17   12.7   3.60    1.5   SBab
4251      12    18   8.4  +       28    10    31   11.6   3.60    1.5   SB0
6255      16    54  47.4  +       36    30     6   13.5   3.60    1.5   SBc
7041      21    16  32.1  -       48    21    47   12.1   3.60    1.5   E-S0
1507       4     4  27.2  -        2    11    19   12.9   3.60    1.0   SBm
3573      11    11  18.1  -       36    52    32   13.3   3.60    1.0   S0-a
4522      12    33  39.7  +        9    10    27   13.0   3.60    1.0   SBc
5560      14    20   4.4  +        3    59    34   13.2   3.60    0.9  SBb/P
5951      15    33  43.1  +       15     0    27   13.4   3.60    0.8   SBc
360        1     2  51.5  -       65    36    32   13.3   3.60    0.5   Sbc
2357       7    17  40.9  +       23    21    23   14.0   3.60    0.5    Sc
2424       7    40  39.3  +       39    14     0   13.6   3.60    0.5   SBb
404        1     9  26.9  +       35    43     6   11.2   3.50    3.5   E-S0
4624      12    45   6.1  +        3     3    19   11.2   3.50    3.5  SB0-a
4664      12    45   6.1  +        3     3    19   11.2   3.50    3.5  SB0-a
4665      12    45   6.1  +        3     3    19   11.2   3.50    3.5  SB0-a
4203      12    15   5.0  +       33    11    51   11.8   3.50    3.2  E/SB0
5885      15    15   4.2  -       10     5     9   12.3   3.50    3.1   SBc
3433      10    52   4.0  +       10     8    52   12.3   3.50    3.0    Sc
5061      13    18   5.2  -       26    50    14   11.3   3.50    3.0    E1
5085      13    20  17.5  -       24    26    25   12.4   3.50    3.0    Sc
3261      10    29   1.4  -       44    39    27   12.0   3.50    2.8   SBbc
4459      12    29   0.0  +       13    58    43   11.3   3.50    2.7   S0-a
3414      10    51  16.1  +       27    58    30   12.0   3.50    2.6   SB0
6223      16    43   4.2  +       61    34    43   12.7   3.50    2.6   E-S0
7418      22    56  35.9  -       37     1    44   11.8   3.50    2.6   SBc
3941      11    52  55.3  +       36    59    13   11.3   3.50    2.5   SB0
6221      16    52  46.1  -       59    13     6   10.7   3.50    2.5   SBc
157        0    34  46.4  -        8    23    46   11.0   3.50    2.4   SBbc
2663       8    45   8.3  -       33    47    42   11.6   3.50    2.4    E3
7723      23    38  57.0  -       12    57    40   11.9   3.50    2.2   SBb
4914      13     0  42.9  +       37    18    53   12.5   3.50    2.1    E4
918        2    25  50.8  +       18    29    45   13.1   3.50    2.0   SBc
1559       4    17  36.7  -       62    47     2   11.0   3.50    2.0   SBc
4380      12    25  22.1  +       10     1     0   12.7   3.50    1.9   Sab
4424      12    27  11.4  +        9    25    17   12.3   3.50    1.7   SBa
4503      12    32   6.1  +       11    10    32   12.1   3.50    1.7   SB0
7020      21    11  19.9  -       64     1    31   12.8   3.50    1.6   SB0
7021      21    11  19.9  -       64     1    31   12.8   3.50    1.6   SB0
4564      12    36  26.9  +       11    26    23   12.1   3.50    1.5    E6
5878      15    13  45.7  -       14    16    13   12.4   3.50    1.4    Sb
1511       3    59  36.8  -       67    38     5   11.9   3.50    1.3    Sa
7541      23    14  43.2  +        4    32     4   12.4   3.50    1.2   SBc
7581      23    14  43.2  +        4    32     4   12.4   3.50    1.2   SBc
2369       7    16  37.7  -       62    20    38   13.2   3.50    1.1   SBa
2815       9    16  19.5  -       23    38     2   12.8   3.50    1.1   SBb
7817       0     3  58.5  +       20    45     2   12.6   3.50    1.0   Sbc
4307      12    22   5.2  +        9     2    31   12.9   3.50    0.8    Sb
4359      12    24  11.4  +       31    31    17   13.7   3.50    0.8   SBc
3390      10    48   4.3  -       31    32     0   12.9   3.50    0.6    Sb
6368      17    27  11.4  +       11    32    35   13.1   3.50    0.6    Sb
5348      13    54  11.1  +        5    13    38   13.9   3.50    0.5   SBbc
4394      12    25  55.6  +       18    12    51   11.7   3.40    3.2   SBb
3507      11     3  25.5  +       18     8     5   12.7   3.40    2.9   SBb
4589      12    37  24.6  +       74    11    31   11.7   3.40    2.8    E2
5584      14    22  23.8  -        0    23    17   12.1   3.40    2.7   SBc
7552      23    16  10.6  -       42    35     5   11.3   3.40    2.7   SBab
5018      13    13   0.9  -       19    31    10   11.7   3.40    2.6    E3
6907      20    25   6.6  -       24    48    33   11.9   3.40    2.6   SBbc
691        1    50  41.7  +       21    45    37   12.2   3.40    2.5   Sbc
4603      12    40  55.0  -       40    58    34   12.3   3.40    2.5   SBc
2652       9    42  33.2  -        3    41    57   11.9   3.40    2.1    E4
2974       9    42  33.2  -        3    41    57   11.9   3.40    2.1    E4
3347      10    42  46.6  -       36    21    12   12.2   3.40    2.1   SBb
5172      13    29  19.0  +       17     3     6   12.6   3.40    1.8   SBbc
520        1    24  34.7  +        3    47    39   12.2   3.40    1.7   Sa/P
4772      12    53  29.0  +        2    10     7   12.0   3.40    1.7    Sa
1241       3    11  14.6  -        8    55    20   12.9   3.40    1.6   SBb
1353       3    32   3.1  -       20    49     8   12.4   3.40    1.4   SBb
3755      11    36  33.2  +       36    24    37   13.5   3.40    1.4  SBc/P
4443      12    29   2.9  +       13    11     4   12.1   3.40    1.4  SB0-a
4461      12    29   2.9  +       13    11     4   12.1   3.40    1.4  SB0-a
1386       3    36  46.3  -       35    59    56   12.1   3.40    1.3   S0-a
4602      12    40  36.8  -        5     7    57   12.3   3.40    1.2   SBbc
493        1    22   9.2  +        0    56    47   12.9   3.40    1.1   SBc
1032       2    39  23.6  +        1     5    38   12.6   3.40    1.1   S0-a
7241      22    15  49.7  +       19    13    53   13.4   3.40    1.1  SBbc/P
5488      14     8   2.9  -       33    18    53   12.5   3.40    1.0   SBbc
5690      14    37  41.1  +        2    17    26   12.7   3.40    1.0    Sc
7307      22    33  52.4  -       40    56     5   12.9   3.40    1.0  SBc/P
3693      11    28  11.5  -       13    11    39   13.5   3.40    0.7    Sb
5073      13    19  20.8  -       14    50    47   13.3   3.40    0.7   SBc
4197      12    14  38.6  +        5    48    22   13.5   3.40    0.6    Sc
1247       3    12  14.3  -       10    28    52   13.5   3.40    0.5   Sbc
7496      23     9  46.9  -       43    25    39   12.2   3.30    3.1   SBb
1404       3    38  51.7  -       35    35    34   11.0   3.30    3.0    E1
4608      12    41  13.2  +       10     9    20   12.0   3.30    2.9   SB0
5375      13    56  55.9  +       29     9    51   12.3   3.30    2.8   SBab
5396      13    56  55.9  +       29     9    51   12.3   3.30    2.8   SBab
5963      15    33  27.8  +       56    33    36   13.1   3.30    2.6    Sc
4814      12    55  21.8  +       58    20    40   12.8   3.30    2.4   Sb/P
1167       3     1  42.3  +       35    12    21   13.4   3.30    2.3    S0
5266      13    43   1.8  -       48    10     9   12.1   3.30    2.3   E-S0
2822       9    13  49.8  -       69    38    39   11.9   3.30    2.2    E3
3104      10     3  57.1  +       40    45    26   13.8   3.30    2.2   IBm
1700       4    56  56.2  -        4    51    55   12.2   3.30    2.1    E4
5026      13    14  13.4  -       42    57    41   12.2   3.30    2.1   SBa
7753      23    47   4.8  +       29    29     2   12.8   3.30    2.1   SBbc
1494       3    57  42.5  -       48    54    34   12.4   3.30    2.0   SBcd
3271      10    30  26.5  -       35    21    36   12.9   3.30    1.8   SB0
4039      12     1  53.8  -       18    53     8   10.9   3.30    1.7   SBm
4606      12    40  57.5  +       11    54    43   12.7   3.30    1.7   SBa
7059      21    27  21.7  -       60     0    53   12.4   3.30    1.7   SBc
972        2    34  13.3  +       29    18    37   12.3   3.30    1.6   Sab
4546      12    35  29.5  -        3    47    35   11.3   3.30    1.6  E/SB0
4694      12    48  14.9  +       10    59     2   12.1   3.30    1.6   SB0
4417      12    26  50.4  +        9    35     4   12.0   3.30    1.4   SB0
4539      12    34  34.6  +       18    12    10   12.9   3.30    1.4   SBa
5678      14    32   5.5  +       57    55    23   12.1   3.30    1.4   SBb
5899      15    15   3.3  +       42     2    59   12.5   3.30    1.4   SBc
5908      15    16  43.1  +       55    24    34   12.8   3.30    1.4    Sb
4747      12    51  45.4  +       25    46    26   13.0   3.30    1.3   SBcd
536        1    26  21.6  +       34    42    12   13.2   3.30    1.2   SBb
3312      10    37   2.3  -       27    33    56   12.7   3.30    1.2    Sb
4419      12    26  56.4  +       15     2    52   12.1   3.30    1.2   SBa
755        1    56  22.6  -        9     3    45   13.1   3.30    1.1   SBb
763        1    56  22.6  -        9     3    45   13.1   3.30    1.1   SBb
3113      10     4  26.0  -       28    26    41   13.2   3.30    1.1   SBcd
3301      10    36  55.8  +       21    52    54   12.3   3.30    1.0  SB0-a
3449      10    52  53.8  -       32    55    40   12.5   3.30    1.0   SBab
3760      10    36  55.8  +       21    52    54   12.3   3.30    1.0  SB0-a
3956      11    54   0.9  -       20    34     0   12.7   3.30    1.0   SBc
4396      12    25  59.2  +       15    40    16   13.1   3.30    1.0   Scd
5689      14    35  29.6  +       48    44    30   12.8   3.30    1.0  SB0-a
4550      12    35  30.6  +       12    13    15   12.6   3.30    0.9   SB0
5229      13    34   2.9  +       47    54    52   14.4   3.30    0.5   SBcd
4393      12    25  51.3  +       27    33    43   13.4   3.20    3.0   SBcd
4688      12    47  46.5  +        4    20     9   12.6   3.20    2.8   SBc
4650      12    44  19.4  -       40    43    55   12.6   3.20    2.7  SB0-a
5383      13    57   4.9  +       41    50    46   12.1   3.20    2.7   SBb
7769      23    51   4.1  +       20     9     2   12.8   3.20    2.7    Sb
173        0    37  12.4  +        1    56    32   13.7   3.20    2.6    Sc
2986       9    44  15.9  -       21    16    41   11.7   3.20    2.6    E2
3608      11    16  59.0  +       18     8    53   11.7   3.20    2.6    E2
4441      12    27  20.2  +       64    48     8   13.4   3.20    2.5  SB0-a
4519      12    33  30.2  +        8    39    18   12.3   3.20    2.5   SBcd
1357       3    33  17.1  -       13    39    52   12.4   3.20    2.4   Sab
2554       8    17  53.4  +       23    28    20   12.9   3.20    2.4   S0-a
2595       8    27  41.9  +       21    28    46   12.9   3.20    2.4   SBc
4073      12     4  27.1  +        1    53    47   12.4   3.20    2.3    E3
5350      13    53  21.5  +       40    21    50   12.2   3.20    2.3   SBbc
4504      12    32  17.4  -        7    33    48   13.9   3.20    2.2   SBc
7177      22     0  41.2  +       17    44    14   12.0   3.20    2.1   SBb
7513      23    13  13.7  -       28    21    29   11.4   3.20    2.1  SBb/P
596        1    32  52.0  -        7     1    55   11.8   3.20    2.0    E4
4208      12    15  39.2  +       13    54     7   11.8   3.20    2.0    Sc
4212      12    15  39.2  +       13    54     7   11.8   3.20    2.0    Sc
1546       4    14  36.7  -       56     3    37   11.8   3.20    1.9   S0-a
4298      12    21  32.9  +       14    36    24   12.0   3.20    1.9    Sc
5728      14    42  24.0  -       17    15     8   12.3   3.20    1.9   Sab
1510       4     3  32.5  -       43    23    59   13.5   3.20    1.8    S0
3358      10    43  33.0  -       36    24    39   12.3   3.20    1.8  SB0-a
5205      13    30   3.1  +       62    30    45   13.1   3.20    1.8    Sb
3100      10     0  40.8  -       31    39    51   12.0   3.20    1.7   SB0
3103      10     0  40.8  -       31    39    51   12.0   3.20    1.7   SB0
3900      11    49   9.3  +       27     1    18   12.2   3.20    1.7   S0-a
3281      10    31  52.2  -       34    51    16   12.7   3.20    1.6   Sab
5806      15     0   0.2  +        1    53    27   12.4   3.20    1.6   SBb
3283      10    31  11.2  -       46    15     2   12.5   3.20    1.5    S0
5254      13    39  38.0  -       11    29    39   12.7   3.20    1.5    Sc
5750      14    46  10.9  -        0    13    24   12.5   3.20    1.5  SB0-a
4346      12    23  27.9  +       46    59    38   12.3   3.20    1.3   SB0
6887      20    17  17.0  -       52    47    50   12.8   3.20    1.3   Sbc
1174       3     5  30.9  +       42    50     8   12.2   3.20    1.2   SBbc
1186       3     5  30.9  +       42    50     8   12.2   3.20    1.2   SBbc
4294      12    21  17.8  +       11    30    35   12.5   3.20    1.2   SBc
5658      14    40  56.5  -        0    19     4   13.0   3.20    1.2  SBab/P
5719      14    40  56.5  -        0    19     4   13.0   3.20    1.2  SBab/P
2648       8    42  39.8  +       14    17     6   12.7   3.20    1.1    Sa
1589       4    30  45.4  +        0    51    48   12.8   3.20    1.0   Sab
5577      14    21  13.2  +        3    26    11   13.4   3.20    0.9   Sbc
1809       5     2   5.3  -       69    34     6   13.0   3.20    0.8    Sc
1824       5     6  56.0  -       59    43    31   13.0   3.20    0.8   SBm
4700      12    49   7.8  -       11    24    42   12.6   3.20    0.8   SBc
4348      12    23  53.9  -        3    26    33   13.3   3.20    0.7   Sbc
7416      22    55  41.6  -        5    29    42   13.2   3.20    0.7   SBb
684        1    50  14.1  +       27    38    46   13.3   3.20    0.6    Sb
1145       2    54  33.4  -       18    38     9   13.6   3.20    0.5    Sc
5714      14    38  12.1  +       46    38    17   14.1   3.20    0.4    Sc
7213      22     9  16.2  -       47    10     1   11.0   3.10    2.8    Sa
255        0    47  47.3  -       11    28     6   12.4   3.10    2.7   SBbc
3162      10    13  31.5  +       22    44    14   12.2   3.10    2.7   SBbc
3575      10    13  31.5  +       22    44    14   12.2   3.10    2.7   SBbc
4653      12    43  51.0  -        0    33    40   12.7   3.10    2.7   SBc
5020      13    12  39.8  +       12    35    59   12.5   3.10    2.7   SBbc
4643      12    43  20.1  +        1    58    41   11.7   3.10    2.5  SB0-a
4880      13     0  10.5  +       12    29     0   12.3   3.10    2.5  SB0-a
3892      11    48   1.0  -       10    57    44   12.4   3.10    2.3  SB0-a
4578      12    37  30.6  +        9    33    20   12.4   3.10    2.3    S0
4567      12    36  32.7  +       11    15    28   12.1   3.10    2.2   Sbc
3136      10     5  48.2  -       67    22    39   11.7   3.10    2.1    E3
3684      11    27  11.1  +       17     1    51   12.0   3.10    2.1   Sbc
1436       3    43  37.1  -       35    51    15   12.4   3.10    2.0   SBab
1437       3    43  37.1  -       35    51    15   12.4   3.10    2.0   SBab
4531      12    34  15.8  +       13     4    33   12.3   3.10    2.0  SB0-a
5533      14    16   7.4  +       35    20    38   12.7   3.10    1.9   Sab
5688      14    39  35.1  -       45     1     7   12.8   3.10    1.9   SBc
2787       9    19  18.4  +       69    12    13   11.8   3.10    1.8  SB0-a
3706      11    29  44.2  -       36    23    29   12.4   3.10    1.8   E-S0
4102      12     6  23.3  +       52    42    39   12.1   3.10    1.7   SBb
7038      21    15   7.5  -       47    13    13   12.3   3.10    1.4   SBc
6248      16    46  22.3  +       70    21    22   13.8   3.10    1.2   SBcd
2748       9    13  43.0  +       76    28    33   12.4   3.10    1.1   Sbc
4462      12    29  21.0  -       23     9    59   12.8   3.10    1.1   SBab
532        1    25  17.1  +        9    15    51   14.0   3.10    1.0   Sab
3549      11    10  56.8  +       53    23    17   12.8   3.10    1.0    Sc
3955      11    53  57.2  -       23     9    52   12.6   3.10    1.0   S0-a
4705      12    49  24.9  -        5    11    43   12.5   3.10    1.0   SBbc
3270      10    31  30.0  +       24    52    10   13.9   3.10    0.8   SBb
801        2     3  44.9  +       38    15    34   14.0   3.10    0.7    Sc
3221      10    22  20.2  +       21    34     8   13.8   3.10    0.7   SBc
3692      11    28  23.8  +        9    24    28   12.9   3.10    0.7    Sb
3966      11    56  44.2  +       32     1    17   13.6   3.10    0.7   S0-a
3986      11    56  44.2  +       32     1    17   13.6   3.10    0.7   S0-a
5403      13    59  50.9  +       38    10    55   14.4   3.10    0.7   SBb
669        1    47  16.0  +       35    33    47   13.4   3.10    0.6   Sab
4222      12    16  22.6  +       13    18    25   13.9   3.10    0.5   Scd
1886       5    21  48.2  -       23    48    36   13.5   3.10    0.4   Sbc
5777      14    51  17.8  +       58    58    40   14.1   3.10    0.4    Sb
5044      13    15  23.9  -       16    23     4   11.8   3.00    3.0    E0
5668      14    33  24.2  +        4    27     2   12.2   3.00    3.0    Sd
266        0    49  47.8  +       32    16    39   12.5   3.00    2.9   SBab
741        1    56  20.9  +        5    37    43   12.2   3.00    2.9    E0
2672       8    49  21.8  +       19     4    28   12.7   3.00    2.8    E1
2967       9    42   3.3  +        0    20    10   12.3   3.00    2.8    Sc
4267      12    19  45.3  +       12    47    54   11.9   3.00    2.8  E/SB0
6340      17    10  23.9  +       72    18    17   11.9   3.00    2.8   S0-a
6814      19    42  40.5  -       10    19    28   12.1   3.00    2.8   SBbc
991        2    35  32.6  -        7     9    18   12.4   3.00    2.7   SBc
1947       5    26  47.3  -       63    45    39   11.7   3.00    2.6   E-S0
2223       6    24  35.8  -       22    50    19   12.3   3.00    2.6   SBb
315        0    57  49.0  +       30    21     7   12.2   3.00    2.5    E2
708        1    52  46.4  +       36     9     8   13.7   3.00    2.5    E2
3268      10    30   0.3  -       35    19    32   12.5   3.00    2.5    E2
6217      16    32  38.7  +       78    11    57   11.8   3.00    2.5   SBbc
7377      22    47  47.4  -       22    18    41   12.1   3.00    2.5  SB0-a
309        0    56  42.6  -        9    54    51   12.5   3.00    2.4   SBc
450        1    15  30.4  -        0    51    41   12.5   3.00    2.4   SBc
3780      11    39  21.9  +       56    16    14   12.2   3.00    2.4    Sc
4304      12    22  12.7  -       33    29     5   12.5   3.00    2.4   SBbc
3930      11    51  45.7  +       38     0    52   13.1   3.00    2.3   SBc
5774      14    53  42.4  +        3    34    58   12.7   3.00    2.3   SBcd
3681      11    26  29.7  +       16    51    50   11.9   3.00    2.2   SBbc
4435      12    27  40.5  +       13     4    47   11.7   3.00    2.2   SB0
5962      15    36  31.6  +       16    36    28   12.0   3.00    2.2    Sc
7125      21    49  16.2  -       60    42    45   12.8   3.00    2.1   SBc
2525       8     5  38.0  -       11    25    39   12.3   3.00    2.0  SBc/P
4050      12     2  53.9  -       16    22    27   13.1   3.00    2.0   SBab
4340      12    23  35.2  +       16    43    22   12.1   3.00    2.0  SB0-a
5970      15    38  30.0  +       12    11    11   12.2   3.00    2.0   SBc
6861      20     7  19.4  -       48    22    10   12.1   3.00    2.0   E-S0
753        1    57  42.4  +       35    54    57   13.0   3.00    1.9   SBbc
3091      10     0  14.1  -       19    38    12   12.1   3.00    1.9    E1
5705      14    39  49.8  -        0    43     6   13.4   3.00    1.9   SBcd
5426      14     3  24.9  -        6     4     8   12.7   3.00    1.7    Sc
5861      15     9  16.2  -       11    19    20   12.3   3.00    1.7   SBc
658        1    42   9.8  +       12    36     5   13.1   3.00    1.6    Sb
949        2    30  48.8  +       37     8     9   12.4   3.00    1.6    Sb
3020       9    50   6.5  +       12    48    49   12.6   3.00    1.6   SBc
3145      10    10   9.9  -       12    26     4   12.5   3.00    1.6   SBbc
4281      12    20  21.6  +        5    23    11   12.3   3.00    1.6   S0-a
2325       7     2  40.2  -       28    41    52   12.3   3.00    1.5    E4
2742       9     7  33.2  +       60    28    46   12.0   3.00    1.5    Sc
2781       9    11  27.5  -       14    49     2   12.5   3.00    1.5  SB0-a
1292       3    18  14.8  -       27    36    38   12.7   3.00    1.4    Sc
2559       8    17   6.1  -       27    27    25   11.7   3.00    1.4   SBbc
3023       9    49  52.6  +        0    37     8   13.0   3.00    1.4  SBc/P
6632      18    25   3.1  +       27    32     9   12.9   3.00    1.4   Sbc
803        2     3  44.8  +       16     1    52   13.2   3.00    1.3    Sc
3403      10    53  54.3  +       73    41    24   13.0   3.00    1.3   Sbc
4632      12    42  32.3  -        0     4    50   12.4   3.00    1.2    Sc
6207      16    43   3.7  +       36    49    55   12.2   3.00    1.2    Sc
4751      12    52  50.6  -       42    39    36   12.2   3.00    1.1   E-S0
5188      13    31  27.9  -       34    47    42   13.0   3.00    1.1  SBbc/P
7123      21    50  46.4  -       70    20     2   12.6   3.00    1.1    Sa
1461       3    48  27.1  -       16    23    34   12.8   3.00    0.9    S0
3544      11    11  30.4  -       18    17    24   13.0   3.00    0.9   SBa
3571      11    11  30.4  -       18    17    24   13.0   3.00    0.9   SBa
1311       3    20   6.7  -       52    11    14   13.4   3.00    0.8   SBm
1888       5    22  34.4  -       11    30     1   12.8   3.00    0.8  SBc/P
5859      15     7  34.9  +       19    34    55   13.3   3.00    0.8   SBbc
1827       5    10   4.4  -       36    57    37   13.3   3.00    0.7   SBc
2591       8    37  25.5  +       78     1    32   12.9   3.00    0.6    Sc
4703      12    49  18.9  -        9     6    30   14.0   3.00    0.6    Sb
1495       3    58  21.4  -       44    27    57   13.3   3.00    0.5    Sc
5894      15    11  40.9  +       59    48    31   13.4   3.00    0.4   Scd
