NGC1549, 63.9375, -55.5914, 10.7, 4.9
NGC2090, 86.7567, -34.2508, 12.0, 4.9
NGC3733, 173.7571, 54.8503, 12.9, 4.9
NGC2427, 114.1162, -47.6358, 12.3, 4.9
NGC4845, 194.5037, 1.5756, 12.1, 4.9
NGC5921, 230.4846, 5.0703, 11.5, 4.8
NGC4494, 187.8504, 25.7753, 10.7, 4.8
NGC1340, 52.0813, -31.0681, 11.3, 4.8
NGC1344, 52.0813, -31.0681, 11.3, 4.8
NGC3166, 153.4396, 3.4258, 11.3, 4.8
NGC1325, 51.1063, -21.5431, 12.2, 4.8
NGC2715, 137.0246, 78.0858, 11.8, 4.8
NGC5474, 211.2558, 53.6628, 11.3, 4.7
NGC2217, 95.4158, -27.2342, 11.7, 4.7
NGC5643, 218.1696, -44.1744, 10.7, 4.7
NGC1179, 45.6604, -18.8978, 12.6, 4.7
NGC864, 33.8646, 6.0019, 11.4, 4.7
NGC7727, 354.9737, -12.2928, 11.5, 4.7
NGC4696, 192.2046, -41.3117, 11.4, 4.7
NGC1249, 47.5046, -53.3361, 12.2, 4.7
NGC720, 28.2517, -13.7386, 11.2, 4.7
NGC5377, 209.0696, 47.2356, 12.2, 4.7
NGC6118, 245.4529, -2.2836, 12.4, 4.7
NGC5523, 213.7142, 25.3183, 12.9, 4.7
NGC5496, 212.9075, -1.1583, 12.8, 4.7
NGC2859, 141.0775, 34.5133, 11.8, 4.6
NGC3607, 169.2271, 18.0522, 10.8, 4.6
NGC2985, 147.5892, 72.2786, 11.2, 4.6
NGC6684, 282.2392, -65.1728, 11.3, 4.6
NGC3614, 169.5900, 45.7486, 12.3, 4.6
NGC2685, 133.8954, 58.7347, 12.1, 4.6
NGC3585, 168.3221, -26.7550, 10.9, 4.6
NGC4568, 189.1425, 11.2386, 11.7, 4.6
NGC7314, 338.9412, -26.0503, 11.6, 4.6
NGC4064, 181.0458, 18.4433, 12.2, 4.6
NGC4312, 185.6308, 15.5381, 12.5, 4.6
NGC5850, 226.7812, 1.5442, 11.5, 4.5
NGC7049, 319.7508, -48.5614, 11.7, 4.5
NGC1553, 64.0442, -55.7794, 10.3, 4.5
NGC4473, 187.4529, 13.4297, 11.2, 4.5
NGC3239, 156.2729, 17.1603, 11.7, 4.5
NGC7713, 354.0638, -37.9389, 11.5, 4.5
NGC7531, 348.7017, -43.5989, 12.0, 4.5
NGC3254, 157.3329, 29.4922, 12.4, 4.5
NGC4330, 185.8208, 11.3686, 13.1, 4.5
NGC678, 27.3533, 21.9969, 13.3, 4.5
NGC3365, 161.5529, 1.8128, 13.2, 4.5
NGC4256, 184.6783, 65.8983, 12.7, 4.5
NGC4930, 196.0213, -41.4114, 12.0, 4.4
NGC1530, 65.8621, 75.2944, 12.3, 4.4
NGC4754, 193.0733, 11.3139, 11.5, 4.4
NGC7497, 347.2646, 18.1775, 13.0, 4.4
NGC7599, 349.8367, -42.2581, 12.1, 4.4
NGC6925, 308.5854, -31.9800, 12.1, 4.4
NGC5701, 219.7962, 5.3636, 11.8, 4.3
NGC1042, 40.0996, -8.4342, 11.6, 4.3
NGC3665, 171.1817, 38.7631, 11.8, 4.3
NGC4123, 182.0467, 2.8783, 12.0, 4.3
NGC6300, 259.2487, -62.8203, 11.0, 4.3
NGC7457, 345.2492, 30.1447, 12.1, 4.3
NGC1617, 67.9146, -54.6019, 11.4, 4.3
NGC4818, 194.2038, -8.5250, 12.0, 4.3
NGC4119, 182.0396, 10.3789, 12.2, 4.3
NGC1003, 39.8192, 40.8728, 12.0, 4.3
NGC2310, 103.4742, -40.8636, 12.7, 4.3
NGC7462, 345.6925, -40.8356, 12.2, 4.3
NGC4314, 185.6325, 29.8958, 11.4, 4.2
NGC5390, 208.9167, 40.4622, 11.3, 4.2
NGC4030, 180.0975, -1.1006, 11.4, 4.2
NGC5334, 208.2271, -1.1136, 12.0, 4.2
NGC1255, 48.3833, -25.7244, 11.4, 4.2
NGC5042, 198.8783, -23.9839, 12.5, 4.2
NGC6674, 279.6413, 25.3744, 13.0, 4.2
NGC1954, 83.2013, -14.0622, 12.4, 4.2
NGC5530, 214.6129, -43.3869, 12.1, 4.2
NGC4861, 194.7575, 34.8619, 14.1, 4.2
NGC5838, 226.3583, 2.0989, 11.9, 4.2
NGC3200, 154.6517, -17.9822, 12.8, 4.2
NGC4179, 183.2171, 1.2997, 11.9, 4.2
NGC4460, 187.1896, 44.8644, 12.2, 4.2
NGC5987, 234.9871, 58.0797, 12.7, 4.2
NGC3749, 173.9708, -37.9975, 13.2, 4.2
NGC2188, 92.5404, -34.1050, 12.1, 4.2
NGC4010, 179.6546, 47.2603, 13.0, 4.2
NGC2654, 132.3000, 60.2208, 12.7, 4.2
NGC100, 6.0108, 16.4864, 13.9, 4.2
NGC3227, 155.8767, 19.8653, 11.1, 4.1
NGC5419, 210.9112, -33.9783, 11.9, 4.1
NGC5556, 215.1417, -29.2414, 12.5, 4.1
NGC5964, 234.4008, 5.9736, 12.6, 4.1
NGC7140, 328.0629, -55.5697, 12.2, 4.1
NGC7141, 328.0629, -55.5697, 12.2, 4.1
NGC3223, 155.3950, -34.2669, 11.8, 4.1
NGC1784, 76.3629, -11.8711, 12.4, 4.1
NGC5363, 209.0296, 5.2539, 11.1, 4.1
NGC4597, 190.0512, -5.8006, 12.7, 4.1
NGC4488, 187.7138, 8.3597, 13.1, 4.1
NGC988, 38.8638, -9.3550, 11.4, 4.1
NGC4094, 181.4746, -14.5261, 12.7, 4.1
NGC5389, 209.0267, 59.7417, 12.9, 4.1
NGC7332, 339.3525, 23.7981, 12.0, 4.1
NGC3510, 165.9321, 28.8847, 12.7, 4.1
NGC3600, 168.9667, 41.5911, 12.6, 4.1
NGC2816, 140.4417, 64.2586, 13.3, 4.1
NGC2820, 140.4417, 64.2586, 13.3, 4.1
NGC1574, 65.4942, -56.9744, 11.4, 4.0
NGC2292, 101.9142, -26.7464, 12.0, 4.0
NGC7095, 328.1033, -81.5314, 12.2, 4.0
NGC986, 38.3921, -39.0458, 11.6, 4.0
NGC2293, 101.9283, -26.7547, 12.3, 4.0
NGC2911, 143.4438, 10.1528, 12.5, 4.0
NGC3557, 167.4892, -37.5394, 11.4, 4.0
NGC4596, 189.9833, 10.1764, 11.4, 4.0
NGC5112, 200.4858, 38.7353, 12.6, 4.0
NGC5669, 218.1833, 9.8922, 12.0, 4.0
NGC5813, 225.2963, 1.7019, 11.5, 4.0
NGC1169, 45.8950, 46.3864, 12.2, 4.0
NGC5905, 228.8471, 55.5178, 12.5, 4.0
NGC7098, 326.0667, -75.1108, 12.2, 4.0
NGC4698, 192.0958, 8.4883, 11.5, 4.0
NGC1380, 54.1146, -34.9753, 10.9, 4.0
NGC6943, 311.1404, -68.7481, 12.1, 4.0
NGC7205, 332.1383, -57.4425, 11.6, 4.0
NGC4839, 194.3517, 27.4975, 13.0, 4.0
NGC5078, 199.9575, -27.4097, 12.0, 4.0
NGC4062, 181.0158, 31.8953, 11.9, 4.0
NGC7013, 315.8900, 29.8969, 12.4, 4.0
NGC674, 27.8229, 22.3575, 12.8, 4.0
NGC697, 27.8229, 22.3575, 12.8, 4.0
NGC6689, 278.7079, 70.5242, 13.1, 4.0
NGC6690, 278.7079, 70.5242, 13.1, 4.0
NGC5775, 223.4892, 3.5450, 12.2, 4.0
NGC676, 27.2383, 5.9061, 12.8, 4.0
NGC4835, 194.5321, -46.2650, 12.4, 4.0
NGC3735, 173.9879, 70.5356, 12.6, 4.0
NGC5301, 206.6008, 46.1075, 13.4, 4.0
NGC1302, 49.9629, -26.0606, 11.6, 3.9
NGC4136, 182.3242, 29.9278, 11.8, 3.9
NGC5483, 212.6042, -43.3250, 11.9, 3.9
NGC3147, 154.2217, 73.4003, 11.4, 3.9
NGC3313, 159.3563, -25.3189, 12.2, 3.9
NGC6951, 309.3083, 66.1058, 11.6, 3.9
NGC6952, 309.3083, 66.1058, 11.6, 3.9
NGC1326, 50.9850, -36.4642, 11.4, 3.9
NGC4941, 196.0542, -5.5514, 11.9, 3.9
NGC1537, 63.4196, -31.6456, 11.5, 3.9
NGC7083, 323.9358, -63.9033, 11.9, 3.9
NGC2207, 94.0908, -21.3728, 11.7, 3.9
NGC150, 8.5654, -27.8050, 12.0, 3.9
NGC1090, 41.6417, -0.2478, 12.5, 3.9
NGC1024, 39.7992, 10.8478, 13.1, 3.9
NGC1527, 62.1004, -47.8967, 11.7, 3.9
NGC4220, 184.0492, 47.8831, 12.3, 3.9
NGC3027, 148.9179, 72.2042, 12.2, 3.9
NGC4448, 187.0646, 28.6214, 12.0, 3.9
NGC4402, 186.5325, 13.1131, 12.6, 3.9
NGC7361, 340.5746, -30.0575, 12.7, 3.9
NGC931, 37.0604, 31.3111, 13.6, 3.9
NGC1406, 54.8458, -31.3222, 12.4, 3.9
NGC3936, 178.0850, -26.9058, 12.9, 3.9
NGC5422, 210.1742, 55.1647, 12.8, 3.9
NGC3501, 165.6971, 17.9897, 13.6, 3.9
NGC4289, 185.2600, 3.7228, 14.6, 3.9
NGC4278, 185.0279, 29.2803, 11.1, 3.8
NGC5206, 203.4325, -48.1519, 11.9, 3.8
NGC1543, 63.1796, -57.7372, 11.5, 3.8
NGC7412, 343.9421, -42.6414, 11.9, 3.8
NGC7755, 356.9663, -30.5236, 12.6, 3.8
NGC5576, 215.2654, 3.2714, 11.9, 3.8
NGC1427, 55.5800, -35.3928, 11.8, 3.8
NGC3054, 148.6196, -25.7036, 12.6, 3.8
NGC5300, 207.0662, 3.9506, 12.1, 3.8
NGC533, 21.3808, 1.7592, 12.4, 3.8
NGC4116, 181.9042, 2.6911, 12.4, 3.8
NGC3447, 163.3500, 16.7719, 13.9, 3.8
NGC3256, 156.9642, -43.9053, 12.2, 3.8
NGC5365, 209.4604, -43.9319, 12.5, 3.8
NGC5448, 210.7100, 49.1725, 11.9, 3.8
NGC151, 8.5117, -9.7050, 12.3, 3.8
NGC153, 8.5117, -9.7050, 12.3, 3.8
NGC4951, 196.2812, -6.4942, 12.6, 3.8
NGC2549, 124.7429, 57.8031, 12.2, 3.8
NGC3976, 178.9883, 6.7483, 12.3, 3.8
NGC4586, 189.6179, 4.3186, 12.6, 3.8
NGC7183, 330.5883, -18.9156, 12.9, 3.8
NGC4313, 185.6596, 11.8011, 12.8, 3.8
NGC4771, 193.3371, 1.2700, 13.0, 3.8
NGC7064, 322.2633, -52.7672, 13.1, 3.8
NGC7144, 328.1775, -48.2547, 11.7, 3.7
NGC514, 21.0162, 12.9172, 12.2, 3.7
NGC2935, 144.1858, -21.1278, 12.1, 3.7
NGC7329, 340.1008, -66.4792, 12.1, 3.7
NGC2782, 138.5208, 40.1136, 12.3, 3.7
NGC3041, 148.2796, 16.6775, 12.3, 3.7
NGC3673, 171.3029, -26.7367, 12.3, 3.7
NGC1569, 67.7046, 64.8481, 11.9, 3.7
NGC6643, 274.9400, 74.5683, 11.7, 3.7
NGC4357, 185.9962, 48.7800, 13.2, 3.7
NGC4381, 185.9962, 48.7800, 13.2, 3.7
NGC2770, 137.3896, 33.1242, 12.8, 3.7
NGC4219, 184.1142, -43.3225, 12.7, 3.7
NGC3972, 178.9387, 55.3200, 13.0, 3.7
NGC5290, 206.3296, 41.7131, 13.0, 3.7
NGC1596, 66.9083, -55.0264, 12.1, 3.7
NGC2992, 146.4246, -14.3269, 13.1, 3.7
NGC1622, 69.1525, -3.1883, 13.4, 3.7
NGC5308, 206.7500, 60.9728, 12.3, 3.7
NGC973, 38.5838, 32.5056, 13.6, 3.7
NGC2681, 133.3854, 51.3131, 11.1, 3.6
NGC3059, 147.5333, -73.9214, 11.7, 3.6
NGC4571, 189.2350, 14.2175, 11.8, 3.6
NGC685, 26.9283, -52.7619, 11.5, 3.6
NGC4204, 183.8092, 20.6589, 12.9, 3.6
NGC5892, 228.4504, -15.4642, 12.4, 3.6
NGC6868, 302.4750, -48.3800, 11.7, 3.6
NGC2283, 101.4692, -18.2103, 12.2, 3.6
NGC895, 35.4021, -5.5211, 12.3, 3.6
NGC4373, 186.3237, -39.7606, 11.9, 3.6
NGC4984, 197.2379, -15.5158, 12.3, 3.6
NGC5832, 224.4404, 71.6814, 12.9, 3.6
NGC1201, 46.0329, -26.0689, 11.7, 3.6
NGC2552, 124.8317, 50.0069, 12.6, 3.6
NGC2273, 102.5350, 60.8458, 12.6, 3.6
NGC3095, 150.0237, -31.5533, 12.4, 3.6
NGC6070, 242.4942, 0.7100, 12.5, 3.6
NGC1415, 55.2371, -22.5642, 12.8, 3.6
NGC5320, 207.5842, 41.3661, 12.8, 3.6
NGC3187, 154.4487, 21.8739, 13.9, 3.6
NGC2713, 134.3358, 2.9214, 12.7, 3.6
NGC4251, 184.5350, 28.1753, 11.6, 3.6
NGC6255, 253.6975, 36.5017, 13.5, 3.6
NGC7041, 319.1338, -48.3631, 12.1, 3.6
NGC1507, 61.1133, -2.1886, 12.9, 3.6
NGC3573, 167.8254, -36.8756, 13.3, 3.6
NGC4522, 188.4154, 9.1742, 13.0, 3.6
NGC5560, 215.0183, 3.9928, 13.2, 3.6
NGC5951, 233.4296, 15.0075, 13.4, 3.6
NGC360, 15.7146, -65.6089, 13.3, 3.6
NGC2357, 109.4204, 23.3564, 14.0, 3.6
NGC2424, 115.1638, 39.2333, 13.6, 3.6
NGC404, 17.3621, 35.7183, 11.2, 3.5
NGC4624, 191.2754, 3.0553, 11.2, 3.5
NGC4664, 191.2754, 3.0553, 11.2, 3.5
NGC4665, 191.2754, 3.0553, 11.2, 3.5
NGC4203, 183.7708, 33.1975, 11.8, 3.5
NGC5885, 228.7675, -10.0858, 12.3, 3.5
NGC3433, 163.0167, 10.1478, 12.3, 3.5
NGC5061, 199.5217, -26.8372, 11.3, 3.5
NGC5085, 200.0729, -24.4403, 12.4, 3.5
NGC3261, 157.2558, -44.6575, 12.0, 3.5
NGC4459, 187.2500, 13.9786, 11.3, 3.5
NGC3414, 162.8171, 27.9750, 12.0, 3.5
NGC6223, 250.7675, 61.5786, 12.7, 3.5
NGC7418, 344.1496, -37.0289, 11.8, 3.5
NGC3941, 178.2304, 36.9869, 11.3, 3.5
NGC6221, 253.1921, -59.2183, 10.7, 3.5
NGC157, 8.6933, -8.3961, 11.0, 3.5
NGC2663, 131.2846, -33.7950, 11.6, 3.5
NGC7723, 354.7375, -12.9611, 11.9, 3.5
NGC4914, 195.1787, 37.3147, 12.5, 3.5
NGC918, 36.4617, 18.4958, 13.1, 3.5
NGC1559, 64.4029, -62.7839, 11.0, 3.5
NGC4380, 186.3421, 10.0167, 12.7, 3.5
NGC4424, 186.7975, 9.4214, 12.3, 3.5
NGC4503, 188.0254, 11.1756, 12.1, 3.5
NGC7020, 317.8329, -64.0253, 12.8, 3.5
NGC7021, 317.8329, -64.0253, 12.8, 3.5
NGC4564, 189.1121, 11.4397, 12.1, 3.5
NGC5878, 228.4404, -14.2703, 12.4, 3.5
NGC1511, 59.9033, -67.6347, 11.9, 3.5
NGC7541, 348.6800, 4.5344, 12.4, 3.5
NGC7581, 348.6800, 4.5344, 12.4, 3.5
NGC2369, 109.1571, -62.3439, 13.2, 3.5
NGC2815, 139.0813, -23.6339, 12.8, 3.5
NGC7817, 0.9938, 20.7506, 12.6, 3.5
NGC4307, 185.5217, 9.0419, 12.9, 3.5
NGC4359, 186.0475, 31.5214, 13.7, 3.5
NGC3390, 162.0179, -31.5333, 12.9, 3.5
NGC6368, 261.7975, 11.5431, 13.1, 3.5
NGC5348, 208.5462, 5.2272, 13.9, 3.5
NGC4394, 186.4817, 18.2142, 11.7, 3.4
NGC3507, 165.8563, 18.1347, 12.7, 3.4
NGC4589, 189.3525, 74.1919, 11.7, 3.4
NGC5584, 215.5992, -0.3881, 12.1, 3.4
NGC7552, 349.0442, -42.5847, 11.3, 3.4
NGC5018, 198.2537, -19.5194, 11.7, 3.4
NGC6907, 306.2775, -24.8092, 11.9, 3.4
NGC691, 27.6738, 21.7603, 12.2, 3.4
NGC4603, 190.2292, -40.9761, 12.3, 3.4
NGC2652, 145.6383, -3.6992, 11.9, 3.4
NGC2974, 145.6383, -3.6992, 11.9, 3.4
NGC3347, 160.6942, -36.3533, 12.2, 3.4
NGC5172, 202.3292, 17.0517, 12.6, 3.4
NGC520, 21.1446, 3.7942, 12.2, 3.4
NGC4772, 193.3708, 2.1686, 12.0, 3.4
NGC1241, 47.8108, -8.9222, 12.9, 3.4
NGC1353, 53.0129, -20.8189, 12.4, 3.4
NGC3755, 174.1383, 36.4103, 13.5, 3.4
NGC4443, 187.2621, 13.1844, 12.1, 3.4
NGC4461, 187.2621, 13.1844, 12.1, 3.4
NGC1386, 54.1929, -35.9989, 12.1, 3.4
NGC4602, 190.1533, -5.1325, 12.3, 3.4
NGC493, 20.5383, 0.9464, 12.9, 3.4
NGC1032, 39.8483, 1.0939, 12.6, 3.4
NGC7241, 333.9571, 19.2314, 13.4, 3.4
NGC5488, 212.0121, -33.3147, 12.5, 3.4
NGC5690, 219.4213, 2.2906, 12.7, 3.4
NGC7307, 338.4683, -40.9347, 12.9, 3.4
NGC3693, 172.0479, -13.1942, 13.5, 3.4
NGC5073, 199.8367, -14.8464, 13.3, 3.4
NGC4197, 183.6608, 5.8061, 13.5, 3.4
NGC1247, 48.0596, -10.4811, 13.5, 3.4
NGC7496, 347.4454, -43.4275, 12.2, 3.3
NGC1404, 54.7154, -35.5928, 11.0, 3.3
NGC4608, 190.3050, 10.1556, 12.0, 3.3
NGC5375, 209.2329, 29.1642, 12.3, 3.3
NGC5396, 209.2329, 29.1642, 12.3, 3.3
NGC5963, 233.3658, 56.5600, 13.1, 3.3
NGC4814, 193.8408, 58.3444, 12.8, 3.3
NGC1167, 45.4263, 35.2058, 13.4, 3.3
NGC5266, 205.7575, -48.1692, 12.1, 3.3
NGC2822, 138.4575, -69.6442, 11.9, 3.3
NGC3104, 150.9879, 40.7572, 13.8, 3.3
NGC1700, 74.2342, -4.8653, 12.2, 3.3
NGC5026, 198.5558, -42.9614, 12.2, 3.3
NGC7753, 356.7700, 29.4839, 12.8, 3.3
NGC1494, 59.4271, -48.9094, 12.4, 3.3
NGC3271, 157.6104, -35.3600, 12.9, 3.3
NGC4039, 180.4742, -18.8856, 10.9, 3.3
NGC4606, 190.2396, 11.9119, 12.7, 3.3
NGC7059, 321.8404, -60.0147, 12.4, 3.3
NGC972, 38.5554, 29.3103, 12.3, 3.3
NGC4546, 188.8729, -3.7931, 11.3, 3.3
NGC4694, 192.0621, 10.9839, 12.1, 3.3
NGC4417, 186.7100, 9.5844, 12.0, 3.3
NGC4539, 188.6442, 18.2028, 12.9, 3.3
NGC5678, 218.0229, 57.9231, 12.1, 3.3
NGC5899, 228.7638, 42.0497, 12.5, 3.3
NGC5908, 229.1796, 55.4094, 12.8, 3.3
NGC4747, 192.9392, 25.7739, 13.0, 3.3
NGC536, 21.5900, 34.7033, 13.2, 3.3
NGC3312, 159.2596, -27.5656, 12.7, 3.3
NGC4419, 186.7350, 15.0478, 12.1, 3.3
NGC755, 29.0942, -9.0625, 13.1, 3.3
NGC763, 29.0942, -9.0625, 13.1, 3.3
NGC3113, 151.1083, -28.4447, 13.2, 3.3
NGC3301, 159.2325, 21.8817, 12.3, 3.3
NGC3449, 163.2242, -32.9278, 12.5, 3.3
NGC3760, 159.2325, 21.8817, 12.3, 3.3
NGC3956, 178.5037, -20.5667, 12.7, 3.3
NGC4396, 186.4967, 15.6711, 13.1, 3.3
NGC5689, 218.8733, 48.7417, 12.8, 3.3
NGC4550, 188.8775, 12.2208, 12.6, 3.3
NGC5229, 203.5121, 47.9144, 14.4, 3.3
NGC4393, 186.4638, 27.5619, 13.4, 3.2
NGC4688, 191.9438, 4.3358, 12.6, 3.2
NGC4650, 191.0808, -40.7319, 12.6, 3.2
NGC5383, 209.2704, 41.8461, 12.1, 3.2
NGC7769, 357.7671, 20.1506, 12.8, 3.2
NGC173, 9.3017, 1.9422, 13.7, 3.2
NGC2986, 146.0662, -21.2781, 11.7, 3.2
NGC3608, 169.2458, 18.1481, 11.7, 3.2
NGC4441, 186.8342, 64.8022, 13.4, 3.2
NGC4519, 188.3758, 8.6550, 12.3, 3.2
NGC1357, 53.3212, -13.6644, 12.4, 3.2
NGC2554, 124.4725, 23.4722, 12.9, 3.2
NGC2595, 126.9246, 21.4794, 12.9, 3.2
NGC4073, 181.1129, 1.8964, 12.4, 3.2
NGC5350, 208.3396, 40.3639, 12.2, 3.2
NGC4504, 188.0725, -7.5633, 13.9, 3.2
NGC7177, 330.1717, 17.7372, 12.0, 3.2
NGC7513, 348.3071, -28.3581, 11.4, 3.2
NGC596, 23.2167, -7.0319, 11.8, 3.2
NGC4208, 183.9133, 13.9019, 11.8, 3.2
NGC4212, 183.9133, 13.9019, 11.8, 3.2
NGC1546, 63.6529, -56.0603, 11.8, 3.2
NGC4298, 185.3871, 14.6067, 12.0, 3.2
NGC5728, 220.6000, -17.2522, 12.3, 3.2
NGC1510, 60.8854, -43.3997, 13.5, 3.2
NGC3358, 160.8875, -36.4108, 12.3, 3.2
NGC5205, 202.5129, 62.5125, 13.1, 3.2
NGC3100, 150.1700, -31.6642, 12.0, 3.2
NGC3103, 150.1700, -31.6642, 12.0, 3.2
NGC3900, 177.2887, 27.0217, 12.2, 3.2
NGC3281, 157.9675, -34.8544, 12.7, 3.2
NGC5806, 225.0008, 1.8908, 12.4, 3.2
NGC3283, 157.7967, -46.2506, 12.5, 3.2
NGC5254, 204.9083, -11.4942, 12.7, 3.2
NGC5750, 221.5454, -0.2233, 12.5, 3.2
NGC4346, 185.8662, 46.9939, 12.3, 3.2
NGC6887, 304.3208, -52.7972, 12.8, 3.2
NGC1174, 46.3787, 42.8356, 12.2, 3.2
NGC1186, 46.3787, 42.8356, 12.2, 3.2
NGC4294, 185.3242, 11.5097, 12.5, 3.2
NGC5658, 220.2354, -0.3178, 13.0, 3.2
NGC5719, 220.2354, -0.3178, 13.0, 3.2
NGC2648, 130.6658, 14.2850, 12.7, 3.2
NGC1589, 67.6892, 0.8633, 12.8, 3.2
NGC5577, 215.3050, 3.4364, 13.4, 3.2
NGC1809, 75.5221, -69.5683, 13.0, 3.2
NGC1824, 76.7333, -59.7253, 13.0, 3.2
NGC4700, 192.2825, -11.4117, 12.6, 3.2
NGC4348, 185.9746, -3.4425, 13.3, 3.2
NGC7416, 343.9233, -5.4950, 13.2, 3.2
NGC684, 27.5587, 27.6461, 13.3, 3.2
NGC1145, 43.6392, -18.6358, 13.6, 3.2
NGC5714, 219.5504, 46.6381, 14.1, 3.2
NGC7213, 332.3175, -47.1669, 11.0, 3.1
NGC255, 11.9471, -11.4683, 12.4, 3.1
NGC3162, 153.3812, 22.7372, 12.2, 3.1
NGC3575, 153.3812, 22.7372, 12.2, 3.1
NGC4653, 190.9625, -0.5611, 12.7, 3.1
NGC5020, 198.1658, 12.5997, 12.5, 3.1
NGC4643, 190.8338, 1.9781, 11.7, 3.1
NGC4880, 195.0437, 12.4833, 12.3, 3.1
NGC3892, 177.0042, -10.9622, 12.4, 3.1
NGC4578, 189.3775, 9.5556, 12.4, 3.1
NGC4567, 189.1362, 11.2578, 12.1, 3.1
NGC3136, 151.4508, -67.3775, 11.7, 3.1
NGC3684, 171.7962, 17.0308, 12.0, 3.1
NGC1436, 55.9046, -35.8542, 12.4, 3.1
NGC1437, 55.9046, -35.8542, 12.4, 3.1
NGC4531, 188.5658, 13.0758, 12.3, 3.1
NGC5533, 214.0308, 35.3439, 12.7, 3.1
NGC5688, 219.8963, -45.0186, 12.8, 3.1
NGC2787, 139.8267, 69.2036, 11.8, 3.1
NGC3706, 172.4342, -36.3914, 12.4, 3.1
NGC4102, 181.5971, 52.7108, 12.1, 3.1
NGC7038, 318.7812, -47.2203, 12.3, 3.1
NGC6248, 251.5929, 70.3561, 13.8, 3.1
NGC2748, 138.4292, 76.4758, 12.4, 3.1
NGC4462, 187.3375, -23.1664, 12.8, 3.1
NGC532, 21.3213, 9.2642, 14.0, 3.1
NGC3549, 167.7367, 53.3881, 12.8, 3.1
NGC3955, 178.4883, -23.1644, 12.6, 3.1
NGC4705, 192.3537, -5.1953, 12.5, 3.1
NGC3270, 157.8750, 24.8694, 13.9, 3.1
NGC801, 30.9371, 38.2594, 14.0, 3.1
NGC3221, 155.5842, 21.5689, 13.8, 3.1
NGC3692, 172.0992, 9.4078, 12.9, 3.1
NGC3966, 179.1842, 32.0214, 13.6, 3.1
NGC3986, 179.1842, 32.0214, 13.6, 3.1
NGC5403, 209.9621, 38.1819, 14.4, 3.1
NGC669, 26.8167, 35.5631, 13.4, 3.1
NGC4222, 184.0942, 13.3069, 13.9, 3.1
NGC1886, 80.4508, -23.8100, 13.5, 3.1
NGC5777, 222.8242, 58.9778, 14.1, 3.1
NGC5044, 198.8496, -16.3844, 11.8, 3.0
NGC5668, 218.3508, 4.4506, 12.2, 3.0
NGC266, 12.4492, 32.2775, 12.5, 3.0
NGC741, 29.0871, 5.6286, 12.2, 3.0
NGC2672, 132.3408, 19.0744, 12.7, 3.0
NGC2967, 145.5137, 0.3361, 12.3, 3.0
NGC4267, 184.9387, 12.7983, 11.9, 3.0
NGC6340, 257.5996, 72.3047, 11.9, 3.0
NGC6814, 295.6687, -10.3244, 12.1, 3.0
NGC991, 38.8858, -7.1550, 12.4, 3.0
NGC1947, 81.6971, -63.7608, 11.7, 3.0
NGC2223, 96.1492, -22.8386, 12.3, 3.0
NGC315, 14.4542, 30.3519, 12.2, 3.0
NGC708, 28.1933, 36.1522, 13.7, 3.0
NGC3268, 157.5012, -35.3256, 12.5, 3.0
NGC6217, 248.1613, 78.1992, 11.8, 3.0
NGC7377, 341.9475, -22.3114, 12.1, 3.0
NGC309, 14.1775, -9.9142, 12.5, 3.0
NGC450, 18.8767, -0.8614, 12.5, 3.0
NGC3780, 174.8413, 56.2706, 12.2, 3.0
NGC4304, 185.5529, -33.4847, 12.5, 3.0
NGC3930, 177.9404, 38.0144, 13.1, 3.0
NGC5774, 223.4267, 3.5828, 12.7, 3.0
NGC3681, 171.6238, 16.8639, 11.9, 3.0
NGC4435, 186.9187, 13.0797, 11.7, 3.0
NGC5962, 234.1317, 16.6078, 12.0, 3.0
NGC7125, 327.3175, -60.7125, 12.8, 3.0
NGC2525, 121.4083, -11.4275, 12.3, 3.0
NGC4050, 180.7246, -16.3742, 13.1, 3.0
NGC4340, 185.8967, 16.7228, 12.1, 3.0
NGC5970, 234.6250, 12.1864, 12.2, 3.0
NGC6861, 301.8308, -48.3694, 12.1, 3.0
NGC753, 29.4267, 35.9158, 13.0, 3.0
NGC3091, 150.0588, -19.6367, 12.1, 3.0
NGC5705, 219.9575, -0.7183, 13.4, 3.0
NGC5426, 210.8538, -6.0689, 12.7, 3.0
NGC5861, 227.3175, -11.3222, 12.3, 3.0
NGC658, 25.5408, 12.6014, 13.1, 3.0
NGC949, 37.7033, 37.1358, 12.4, 3.0
NGC3020, 147.5271, 12.8136, 12.6, 3.0
NGC3145, 152.5412, -12.4344, 12.5, 3.0
NGC4281, 185.0900, 5.3864, 12.3, 3.0
NGC2325, 105.6675, -28.6978, 12.3, 3.0
NGC2742, 136.8883, 60.4794, 12.0, 3.0
NGC2781, 137.8646, -14.8172, 12.5, 3.0
NGC1292, 49.5617, -27.6106, 12.7, 3.0
NGC2559, 124.2754, -27.4569, 11.7, 3.0
NGC3023, 147.4692, 0.6189, 13.0, 3.0
NGC6632, 276.2629, 27.5358, 12.9, 3.0
NGC803, 30.9367, 16.0311, 13.2, 3.0
NGC3403, 163.4762, 73.6900, 13.0, 3.0
NGC4632, 190.6346, -0.0806, 12.4, 3.0
NGC6207, 250.7654, 36.8319, 12.2, 3.0
NGC4751, 193.2108, -42.6600, 12.2, 3.0
NGC5188, 202.8663, -34.7950, 13.0, 3.0
NGC7123, 327.6933, -70.3339, 12.6, 3.0
NGC1461, 57.1129, -16.3928, 12.8, 3.0
NGC3544, 167.8767, -18.2900, 13.0, 3.0
NGC3571, 167.8767, -18.2900, 13.0, 3.0
NGC1311, 50.0279, -52.1872, 13.4, 3.0
NGC1888, 80.6433, -11.5003, 12.8, 3.0
NGC5859, 226.8954, 19.5819, 13.3, 3.0
NGC1827, 77.5183, -36.9603, 13.3, 3.0
NGC2591, 129.3563, 78.0256, 12.9, 3.0
NGC4703, 192.3288, -9.1083, 14.0, 3.0
NGC1495, 59.5892, -44.4658, 13.3, 3.0
NGC5894, 227.9204, 59.8086, 13.4, 3.0
