0.000000, -24.806440, 8.819630, -24.828597
8.819630, -24.828597, 17.639260, -24.850753
17.639260, -24.850753, 26.458890, -24.872910
0.000000, -39.327110, 8.783577, -39.342280
8.783577, -39.342280, 17.567153, -39.357450
17.567153, -39.357450, 26.350730, -39.372620
0.000000, -57.822660, 7.068747, -57.831247
7.068747, -57.831247, 14.137493, -57.839833
14.137493, -57.839833, 21.206240, -57.848420
0.000000, -6.304590, 3.296355, -6.306025
3.296355, -6.306025, 6.592710, -6.307460
0.000000, -74.305350, 1.566300, -74.303960
0.000000, 10.695880, 1.602740, 10.696040
0.000000, 32.029000, 1.606980, 32.029370
0.000000, 32.029210, 1.606980, 32.029370
0.000000, 48.693990, 4.146380, 48.694940
0.000000, 66.692690, 6.763770, 66.692440
0.000000, 88.518850, 135.832470, 87.568920
1.533390, -81.803960, 1.549845, -78.053960
1.549845, -78.053960, 1.566300, -74.303960
1.533390, -81.803960, 25.812525, -81.934205
25.812525, -81.934205, 50.091660, -82.064450
1.566300, -74.303960, 12.332450, -74.318570
1.602740, 10.696040, 1.603170, 13.196040
1.603170, 13.196040, 3.734120, 13.195190
1.606220, 28.696040, 1.606980, 32.029370
1.606220, 28.696040, 2.612850, 28.695760
2.610020, 22.695760, 2.611435, 25.695760
2.611435, 25.695760, 2.612850, 28.695760
2.610020, 22.695760, 3.740640, 22.695190
3.734120, 13.195190, 3.737020, 17.445190
3.737020, 17.445190, 3.739920, 21.695190
3.739920, 21.695190, 9.077370, 21.685915
9.077370, 21.685915, 14.414820, 21.676640
3.739920, 21.695190, 3.740640, 22.695190
4.143290, 46.694940, 9.459685, 46.685350
9.459685, 46.685350, 14.776080, 46.675760
4.143290, 46.694940, 4.146380, 48.694940
6.592710, -6.307460, 6.597025, -2.807460
6.597025, -2.807460, 6.601340, 0.692540
6.601340, 0.692540, 6.603800, 2.692540
6.603800, 2.692540, 14.940953, 2.660987
14.940953, 2.660987, 23.278107, 2.629433
23.278107, 2.629433, 31.615260, 2.597880
6.763770, 66.692440, 6.816820, 70.359077
6.816820, 70.359077, 6.869870, 74.025713
6.869870, 74.025713, 6.922920, 77.692350
6.922920, 77.692350, 23.051530, 77.600337
23.051530, 77.600337, 39.180140, 77.508323
39.180140, 77.508323, 55.308750, 77.416310
12.295410, -75.318530, 12.332450, -74.318570
12.295410, -75.318530, 20.654060, -75.347220
12.413490, 24.431930, 12.428280, 29.056915
12.428280, 29.056915, 12.443070, 33.681900
12.413490, 24.431930, 14.424060, 24.426620
12.443070, 33.681900, 17.670250, 33.663635
17.670250, 33.663635, 22.897430, 33.645370
14.414820, 21.676640, 14.424060, 24.426620
14.776080, 46.675760, 14.788880, 48.675740
14.788880, 48.675740, 18.588410, 48.663270
18.588410, 48.663270, 18.605910, 50.663240
18.605910, 50.663240, 22.407930, 50.647880
20.654060, -75.347220, 20.838120, -69.514287
20.838120, -69.514287, 21.022180, -63.681353
21.022180, -63.681353, 21.206240, -57.848420
21.206240, -57.848420, 21.239755, -55.348490
21.239755, -55.348490, 21.273270, -52.848560
21.206240, -57.848420, 27.347830, -57.882290
27.347830, -57.882290, 33.489420, -57.916160
21.273270, -52.848560, 24.967350, -52.865860
22.407930, 50.647880, 22.456020, 54.647770
22.407930, 50.647880, 26.968530, 50.625740
22.456020, 54.647770, 27.533640, 54.622880
22.866420, 28.645440, 22.881925, 31.145405
22.881925, 31.145405, 22.897430, 33.645370
22.866420, 28.645440, 26.764710, 28.626280
22.897430, 33.645370, 22.910840, 35.645340
22.910840, 35.645340, 27.382550, 35.621240
27.382550, 35.621240, 31.854260, 35.597140
24.967350, -52.865860, 24.993840, -50.865920
24.993840, -50.865920, 28.693260, -50.885920
26.350730, -39.372620, 26.386783, -34.539383
26.386783, -34.539383, 26.422837, -29.706147
26.422837, -29.706147, 26.458890, -24.872910
26.350730, -39.372620, 31.307375, -39.403420
31.307375, -39.403420, 36.264020, -39.434220
26.458890, -24.872910, 26.466000, -23.756260
26.466000, -23.756260, 31.360257, -23.788707
31.360257, -23.788707, 36.254513, -23.821153
36.254513, -23.821153, 41.148770, -23.853600
26.655740, 10.543240, 26.685383, 15.570940
26.685383, 15.570940, 26.715027, 20.598640
26.715027, 20.598640, 26.744670, 25.626340
26.655740, 10.543240, 31.665260, 10.514400
26.744670, 25.626340, 26.764710, 28.626280
26.744670, 25.626340, 30.513710, 25.605070
26.931440, 47.625840, 26.968530, 50.625740
26.931440, 47.625840, 32.621490, 47.592750
27.533640, 54.622880, 27.595230, 58.122720
27.595230, 58.122720, 30.773630, 58.104680
28.693260, -50.885920, 28.738320, -47.552720
28.738320, -47.552720, 32.445640, -47.576605
32.445640, -47.576605, 36.152960, -47.600490
30.513710, 25.605070, 30.530610, 27.855020
30.530610, 27.855020, 34.300380, 27.829890
34.300380, 27.829890, 38.070150, 27.804760
30.773630, 58.104680, 30.795630, 59.104610
30.795630, 59.104610, 38.802360, 59.051160
31.615260, 2.597880, 31.640260, 6.556140
31.640260, 6.556140, 31.665260, 10.514400
31.665260, 10.514400, 38.092310, 10.464003
38.092310, 10.464003, 44.519360, 10.413607
44.519360, 10.413607, 50.946410, 10.363210
31.854260, 35.597140, 31.871090, 37.347080
31.871090, 37.347080, 35.775215, 37.320120
35.775215, 37.320120, 39.679340, 37.293160
32.621490, 47.592750, 32.673800, 51.092580
32.673800, 51.092580, 39.885480, 51.042370
33.202370, -66.915190, 33.345895, -62.415675
33.345895, -62.415675, 33.489420, -57.916160
33.202370, -66.915190, 40.782530, -66.975505
40.782530, -66.975505, 48.362690, -67.035820
33.489420, -57.916160, 33.584150, -53.416470
33.584150, -53.416470, 37.283340, -53.442360
36.152960, -47.600490, 36.208490, -43.517355
36.208490, -43.517355, 36.264020, -39.434220
36.264020, -39.434220, 41.225645, -39.473560
41.225645, -39.473560, 46.187270, -39.512900
37.283340, -53.442360, 37.341210, -50.442570
37.341210, -50.442570, 41.047700, -50.470860
38.070150, 27.804760, 38.103200, 31.221320
38.103200, 31.221320, 42.628380, 31.186500
38.762340, 57.551300, 38.802360, 59.051160
38.762340, 57.551300, 43.831635, 57.509900
43.831635, 57.509900, 48.900930, 57.468500
39.679340, 37.293160, 39.748053, 41.876230
39.748053, 41.876230, 39.816767, 46.459300
39.816767, 46.459300, 39.885480, 51.042370
39.679340, 37.293160, 40.434660, 37.287390
40.402380, 34.537510, 40.434660, 37.287390
40.402380, 34.537510, 42.666470, 34.519680
41.047700, -50.470860, 41.085320, -48.471000
41.085320, -48.471000, 46.034520, -48.512230
41.148770, -23.853600, 41.212253, -16.309410
41.212253, -16.309410, 41.275737, -8.765220
41.275737, -8.765220, 41.339220, -1.221030
41.148770, -23.853600, 46.628813, -23.903527
46.628813, -23.903527, 52.108857, -23.953453
52.108857, -23.953453, 57.588900, -24.003380
41.339220, -1.221030, 46.087950, -1.261990
46.087950, -1.261990, 50.836680, -1.302950
42.628380, 31.186500, 42.666470, 34.519680
42.628380, 31.186500, 47.527525, 31.143430
47.527525, 31.143430, 52.426670, 31.100360
46.034520, -48.512230, 46.090770, -45.512480
46.090770, -45.512480, 52.289010, -45.569220
46.187270, -39.512900, 46.193330, -39.096260
46.193330, -39.096260, 49.918810, -39.130680
49.918810, -39.130680, 53.644290, -39.165100
48.232920, -84.555380, 78.626320, -84.908410
78.626320, -84.908410, 109.019720, -85.261440
48.232920, -84.555380, 50.091660, -82.064450
48.362690, -67.035820, 48.505503, -63.703143
48.505503, -63.703143, 48.648317, -60.370467
48.648317, -60.370467, 48.791130, -57.037790
48.362690, -67.035820, 58.578355, -67.141875
58.578355, -67.141875, 68.794020, -67.247930
48.791130, -57.037790, 53.236820, -57.079780
48.900930, 57.468500, 49.065777, 61.134430
49.065777, 61.134430, 49.230623, 64.800360
49.230623, 64.800360, 49.395470, 68.466290
48.900930, 57.468500, 49.913490, 57.459390
49.395470, 68.466290, 54.237030, 68.421440
49.854020, 55.459650, 49.913490, 57.459390
49.854020, 55.459650, 52.381910, 55.436280
50.091660, -82.064450, 51.083725, -78.319290
51.083725, -78.319290, 52.075790, -74.574130
50.836680, -1.302950, 50.852990, 0.446970
50.836680, -1.302950, 55.335590, -1.346190
50.852990, 0.446970, 50.899700, 5.405090
50.899700, 5.405090, 50.946410, 10.363210
50.946410, 10.363210, 50.991820, 14.904660
50.991820, 14.904660, 51.037230, 19.446110
51.037230, 19.446110, 52.290630, 19.434330
52.075790, -74.574130, 67.957490, -74.743160
52.289010, -45.569220, 52.326780, -43.569410
52.290630, 19.434330, 52.335977, 23.323007
52.335977, 23.323007, 52.381323, 27.211683
52.381323, 27.211683, 52.426670, 31.100360
52.313090, 52.936610, 52.381910, 55.436280
52.313090, 52.936610, 59.155490, 52.864290
59.155490, 52.864290, 65.997890, 52.791970
65.997890, 52.791970, 72.840290, 52.719650
52.326780, -43.569410, 59.031360, -43.636440
52.426670, 31.100360, 58.113430, 31.040867
58.113430, 31.040867, 63.800190, 30.981373
63.800190, 30.981373, 69.486950, 30.921880
53.236820, -57.079780, 53.365010, -52.747080
53.365010, -52.747080, 58.318790, -52.796840
53.644290, -39.165100, 53.699610, -35.582040
53.699610, -35.582040, 57.430520, -35.619240
54.237030, 68.421440, 54.772890, 72.918875
54.772890, 72.918875, 55.308750, 77.416310
55.308750, 77.416310, 56.726210, 77.402600
55.335590, -1.346190, 55.352910, 0.403730
55.352910, 0.403730, 60.519397, 0.348320
60.519397, 0.348320, 65.685883, 0.292910
65.685883, 0.292910, 70.852370, 0.237500
56.726210, 77.402600, 57.530490, 80.398670
57.430520, -35.619240, 57.483313, -31.747287
57.483313, -31.747287, 57.536107, -27.875333
57.536107, -27.875333, 57.588900, -24.003380
57.530490, 80.398670, 80.488890, 80.147850
58.318790, -52.796840, 58.377170, -50.630480
58.318790, -52.796840, 60.797900, -52.822810
58.377170, -50.630480, 62.098640, -50.669700
59.031360, -43.636440, 59.105880, -39.636830
59.105880, -39.636830, 65.076420, -39.700730
60.692930, -56.155590, 60.797900, -52.822810
60.692930, -56.155590, 65.650470, -56.209390
62.098640, -50.669700, 62.149910, -48.669970
62.149910, -48.669970, 64.882380, -48.699670
64.882380, -48.699670, 64.979400, -44.200200
64.979400, -44.200200, 65.076420, -39.700730
64.882380, -48.699670, 68.362250, -48.738450
65.076420, -39.700730, 65.129850, -36.701020
65.129850, -36.701020, 69.862380, -36.754010
65.554590, -58.708860, 65.650470, -56.209390
65.554590, -58.708860, 69.274530, -58.750660
67.957490, -74.743160, 68.269510, -72.244940
68.269510, -72.244940, 68.581530, -69.746720
68.217750, -53.737640, 68.290000, -51.238045
68.290000, -51.238045, 68.362250, -48.738450
68.217750, -53.737640, 75.677030, -53.823800
68.362250, -48.738450, 68.424090, -46.238800
68.424090, -46.238800, 73.402080, -46.295900
68.581530, -69.746720, 68.794020, -67.247930
68.581530, -69.746720, 78.539160, -69.865857
78.539160, -69.865857, 88.496790, -69.984993
88.496790, -69.984993, 98.454420, -70.104130
68.794020, -67.247930, 69.034275, -62.999295
69.034275, -62.999295, 69.274530, -58.750660
69.476790, 30.255260, 69.486950, 30.921880
69.476790, 30.255260, 73.235340, 30.212310
69.486950, 30.921880, 69.530395, 33.588300
69.530395, 33.588300, 69.573840, 36.254720
69.573840, 36.254720, 72.457350, 36.221850
69.862380, -36.754010, 69.919515, -33.254335
69.919515, -33.254335, 69.976650, -29.754660
69.976650, -29.754660, 71.722430, -29.774640
70.852370, 0.237500, 70.912923, 5.403820
70.912923, 5.403820, 70.973477, 10.570140
70.973477, 10.570140, 71.034030, 15.736460
70.852370, 0.237500, 71.602320, 0.228920
71.034030, 15.736460, 73.661475, 15.706000
73.661475, 15.706000, 76.288920, 15.675540
71.556360, -3.770820, 71.602320, 0.228920
71.556360, -3.770820, 74.680380, -3.807275
74.680380, -3.807275, 77.804400, -3.843730
71.722430, -29.774640, 71.763330, -27.024880
71.763330, -27.024880, 73.759290, -27.047980
72.457350, 36.221850, 72.584997, 41.721117
72.584997, 41.721117, 72.712643, 47.220383
72.712643, 47.220383, 72.840290, 52.719650
72.840290, 52.719650, 77.484770, 52.665550
73.212480, 28.712440, 73.235340, 30.212310
73.212480, 28.712440, 78.884620, 28.644707
78.884620, 28.644707, 84.556760, 28.576973
84.556760, 28.576973, 90.228900, 28.509240
73.402080, -46.295900, 73.482380, -42.796370
73.482380, -42.796370, 75.974450, -42.825550
73.759290, -27.047980, 73.816127, -22.798310
73.816127, -22.798310, 73.872963, -18.548640
73.872963, -18.548640, 73.929800, -14.298970
73.759290, -27.047980, 76.254950, -27.077200
73.929800, -14.298970, 75.178710, -14.313550
75.178710, -14.313550, 75.221750, -10.813810
75.221750, -10.813810, 77.720030, -10.843230
75.547740, -57.323040, 75.677030, -53.823800
75.547740, -57.323040, 83.018810, -57.412260
75.974450, -42.825550, 76.067950, -37.576100
76.067950, -37.576100, 76.161450, -32.326650
76.161450, -32.326650, 76.254950, -27.077200
75.974450, -42.825550, 80.966893, -42.885627
80.966893, -42.885627, 85.959337, -42.945703
85.959337, -42.945703, 90.951780, -43.005780
76.254950, -27.077200, 81.834153, -27.144400
81.834153, -27.144400, 87.413357, -27.211600
87.413357, -27.211600, 92.992560, -27.278800
76.288920, 15.675540, 76.295280, 16.175500
76.295280, 16.175500, 79.047000, 16.142805
79.047000, 16.142805, 81.798720, 16.110110
77.484770, 52.665550, 77.606760, 56.164830
77.606760, 56.164830, 85.868925, 56.065320
85.868925, 56.065320, 94.131090, 55.965810
77.720030, -10.843230, 77.762215, -7.343480
77.762215, -7.343480, 77.804400, -3.843730
77.720030, -10.843230, 81.468620, -10.888330
81.468620, -10.888330, 85.217210, -10.933430
85.217210, -10.933430, 88.965800, -10.978530
80.488890, 80.147850, 82.512505, 82.635900
82.512505, 82.635900, 84.536120, 85.123950
81.792240, 15.610150, 81.798720, 16.110110
81.792240, 15.610150, 85.793640, 15.561920
82.857620, -60.911290, 83.018810, -57.412260
82.857620, -60.911290, 90.345060, -61.002100
84.536120, 85.123950, 127.953620, 84.610380
85.755060, 12.562160, 85.793640, 15.561920
85.755060, 12.562160, 88.255370, 12.531850
87.326990, 18.043550, 87.393800, 22.876470
87.326990, 18.043550, 88.327170, 18.031420
87.393800, 22.876470, 90.144050, 22.843090
88.255370, 12.531850, 88.291270, 15.281635
88.291270, 15.281635, 88.327170, 18.031420
88.965800, -10.978530, 89.009090, -7.478795
89.009090, -7.478795, 89.052380, -3.979060
88.965800, -10.978530, 93.215630, -11.030150
89.052380, -3.979060, 92.114765, -4.016240
92.114765, -4.016240, 95.177150, -4.053420
90.125160, 21.509870, 90.144050, 22.843090
90.125160, 21.509870, 95.124140, 21.449180
90.144050, 22.843090, 90.182560, 25.426190
90.182560, 25.426190, 90.221070, 28.009290
90.173640, -64.001050, 90.345060, -61.002100
90.173640, -64.001050, 98.937260, -64.107030
90.221070, 28.009290, 90.228900, 28.509240
90.221070, 28.009290, 95.093365, 27.950300
95.093365, 27.950300, 99.965660, 27.891310
90.693710, -52.504210, 90.748910, -50.754550
90.693710, -52.504210, 93.194360, -52.534580
90.748910, -50.754550, 100.786510, -50.870563
100.786510, -50.870563, 110.824110, -50.986577
110.824110, -50.986577, 120.861710, -51.102590
90.748910, -50.754550, 90.850345, -46.880165
90.850345, -46.880165, 90.951780, -43.005780
90.951780, -43.005780, 95.330350, -43.058715
95.330350, -43.058715, 99.708920, -43.111650
92.899070, -33.028230, 92.945815, -30.153515
92.945815, -30.153515, 92.992560, -27.278800
92.899070, -33.028230, 96.401465, -33.070525
96.401465, -33.070525, 99.903860, -33.112820
92.992560, -27.278800, 93.066917, -21.862583
93.066917, -21.862583, 93.141273, -16.446367
93.141273, -16.446367, 93.215630, -11.030150
93.107400, -55.034050, 93.194360, -52.534580
93.107400, -55.034050, 98.114280, -55.094560
93.215630, -11.030150, 99.468220, -11.104150
99.468220, -11.104150, 105.720810, -11.178150
105.720810, -11.178150, 111.973400, -11.252150
94.057370, 53.966260, 100.046030, 53.893830
94.057370, 53.966260, 94.131090, 55.965810
94.131090, 55.965810, 94.269270, 58.964970
94.269270, 58.964970, 94.407450, 61.964130
94.407450, 61.964130, 101.129505, 61.883640
101.129505, 61.883640, 107.851560, 61.803150
95.069580, 17.449510, 95.124140, 21.449180
95.069580, 17.449510, 96.443930, 17.432870
95.177150, -4.053420, 95.225690, -0.053710
95.225690, -0.053710, 95.266470, 3.279377
95.266470, 3.279377, 95.307250, 6.612463
95.307250, 6.612463, 95.348030, 9.945550
95.348030, 9.945550, 96.347670, 9.933450
96.347670, 9.933450, 96.372770, 11.933300
96.372770, 11.933300, 101.057795, 11.877325
101.057795, 11.877325, 105.742820, 11.821350
96.372770, 11.933300, 96.408350, 14.683085
96.408350, 14.683085, 96.443930, 17.432870
97.770710, -75.100040, 114.214710, -75.289920
97.770710, -75.100040, 98.112565, -72.602085
98.112565, -72.602085, 98.454420, -70.104130
97.995080, -58.093840, 103.011120, -58.153700
97.995080, -58.093840, 98.114280, -55.094560
98.454420, -70.104130, 98.695840, -67.105580
98.695840, -67.105580, 98.937260, -64.107030
98.937260, -64.107030, 102.703320, -64.151880
99.708920, -43.111650, 99.773900, -39.778707
99.773900, -39.778707, 99.838880, -36.445763
99.838880, -36.445763, 99.903860, -33.112820
99.903860, -33.112820, 105.790535, -33.181645
105.790535, -33.181645, 111.677210, -33.250470
99.919460, 49.894590, 100.046030, 53.893830
99.919460, 49.894590, 104.406360, 49.841000
99.965660, 27.891310, 100.027970, 31.640935
100.027970, 31.640935, 100.090280, 35.390560
100.090280, 35.390560, 104.247093, 35.341883
104.247093, 35.341883, 108.403907, 35.293207
108.403907, 35.293207, 112.560720, 35.244530
102.703320, -64.151880, 102.857220, -61.152790
102.857220, -61.152790, 103.011120, -58.153700
102.703320, -64.151880, 113.833790, -64.267600
113.833790, -64.267600, 124.964260, -64.383320
124.964260, -64.383320, 136.094730, -64.499040
104.265300, 44.341840, 104.335830, 47.091420
104.335830, 47.091420, 104.406360, 49.841000
104.265300, 44.341840, 108.499710, 44.292695
108.499710, 44.292695, 112.734120, 44.243550
105.718460, 9.821490, 105.742820, 11.821350
105.718460, 9.821490, 106.717880, 9.809780
106.664330, 5.310090, 106.717880, 9.809780
106.664330, 5.310090, 106.914270, 5.307170
106.717880, 9.809780, 106.748220, 12.309600
106.748220, 12.309600, 110.494615, 12.266735
110.494615, 12.266735, 114.241010, 12.223870
106.867400, 1.307440, 106.914270, 5.307170
106.867400, 1.307440, 109.616930, 1.275570
107.753210, 59.803730, 107.851560, 61.803150
107.753210, 59.803730, 114.941155, 59.723565
114.941155, 59.723565, 122.129100, 59.643400
109.019720, -85.261440, 111.652110, -82.775890
109.599660, -0.224330, 109.616930, 1.275570
109.599660, -0.224330, 114.016110, -0.272683
114.016110, -0.272683, 118.432560, -0.321037
118.432560, -0.321037, 122.849010, -0.369390
111.652110, -82.775890, 112.933410, -79.032905
112.933410, -79.032905, 114.214710, -75.289920
111.652110, -82.775890, 144.138447, -82.890617
144.138447, -82.890617, 176.624783, -83.005343
176.624783, -83.005343, 209.111120, -83.120070
111.677210, -33.250470, 111.775940, -25.917697
111.775940, -25.917697, 111.874670, -18.584923
111.874670, -18.584923, 111.973400, -11.252150
111.973400, -11.252150, 115.560330, -11.291033
115.560330, -11.291033, 119.147260, -11.329917
119.147260, -11.329917, 122.734190, -11.368800
112.560720, 35.244530, 112.647420, 39.744040
112.647420, 39.744040, 112.734120, 44.243550
112.560720, 35.244530, 118.289720, 35.181050
114.214710, -75.289920, 124.729200, -75.392695
124.729200, -75.392695, 135.243690, -75.495470
114.241010, 12.223870, 114.252740, 13.223810
114.252740, 13.223810, 118.871610, 13.173220
118.258080, 33.181230, 118.289720, 35.181050
118.258080, 33.181230, 121.993230, 33.141510
118.832490, 9.673430, 118.871610, 13.173220
118.832490, 9.673430, 120.580680, 9.654810
118.871610, 13.173220, 118.909575, 16.423015
118.909575, 16.423015, 118.947540, 19.672810
118.947540, 19.672810, 120.070130, 19.660820
120.070130, 19.660820, 120.120890, 23.660550
120.120890, 23.660550, 120.171650, 27.660280
120.171650, 27.660280, 121.915970, 27.641910
120.548340, 6.654990, 120.580680, 9.654810
120.548340, 6.654990, 122.921390, 6.630240
120.861710, -51.102590, 120.950000, -47.228045
120.950000, -47.228045, 121.038290, -43.353500
120.861710, -51.102590, 123.381140, -51.128530
121.038290, -43.353500, 126.572310, -43.409520
121.915970, 27.641910, 121.954600, 30.391710
121.954600, 30.391710, 121.993230, 33.141510
121.993230, 33.141510, 128.210817, 33.084047
128.210817, 33.084047, 134.428403, 33.026583
134.428403, 33.026583, 140.645990, 32.969120
122.129100, 59.643400, 122.448147, 64.141723
122.448147, 64.141723, 122.767193, 68.640047
122.767193, 68.640047, 123.086240, 73.138370
122.129100, 59.643400, 128.799140, 59.575990
122.734190, -11.368800, 122.772463, -7.702330
122.772463, -7.702330, 122.810737, -4.035860
122.810737, -4.035860, 122.849010, -0.369390
122.734190, -11.368800, 126.989780, -11.411570
122.849010, -0.369390, 122.885200, 3.130425
122.885200, 3.130425, 122.921390, 6.630240
122.921390, 6.630240, 128.749013, 6.576850
128.749013, 6.576850, 134.576637, 6.523460
134.576637, 6.523460, 140.404260, 6.470070
123.086240, 73.138370, 131.850860, 73.056255
131.850860, 73.056255, 140.615480, 72.974140
123.320120, -53.378220, 123.381140, -51.128530
123.320120, -53.378220, 127.609290, -53.420680
126.572310, -43.409520, 126.625060, -40.284780
126.625060, -40.284780, 126.677810, -37.160040
126.677810, -37.160040, 126.760903, -30.577113
126.760903, -30.577113, 126.843997, -23.994187
126.843997, -23.994187, 126.927090, -17.411260
126.677810, -37.160040, 131.709073, -37.204033
131.709073, -37.204033, 136.740337, -37.248027
136.740337, -37.248027, 141.771600, -37.292020
126.927090, -17.411260, 126.958435, -14.411415
126.958435, -14.411415, 126.989780, -11.411570
126.927090, -17.411260, 130.184340, -17.442470
127.567130, -54.920470, 127.609290, -53.420680
127.567130, -54.920470, 133.380180, -54.974220
127.953620, 84.610380, 130.402760, 86.097540
128.440110, 46.577730, 128.559787, 50.910483
128.559787, 50.910483, 128.679463, 55.243237
128.679463, 55.243237, 128.799140, 59.575990
128.440110, 46.577730, 134.015410, 46.528005
134.015410, 46.528005, 139.590710, 46.478280
130.163510, -19.442370, 130.184340, -17.442470
130.163510, -19.442370, 133.924240, -19.475600
133.924240, -19.475600, 137.684970, -19.508830
130.402760, 86.097540, 135.832470, 87.568920
130.402760, 86.097540, 171.712855, 86.014175
171.712855, 86.014175, 213.022950, 85.930810
133.323660, -56.973970, 133.380180, -54.974220
133.323660, -56.973970, 144.328190, -57.040793
144.328190, -57.040793, 155.332720, -57.107617
155.332720, -57.107617, 166.337250, -57.174440
135.243690, -75.495470, 135.527370, -71.829993
135.527370, -71.829993, 135.811050, -68.164517
135.811050, -68.164517, 136.094730, -64.499040
135.243690, -75.495470, 152.550330, -75.589740
152.550330, -75.589740, 169.856970, -75.684010
137.636780, -24.508630, 137.684970, -19.508830
137.636780, -24.508630, 141.904340, -24.542520
139.512500, 41.478600, 139.590710, 46.478280
139.512500, 41.478600, 145.709240, 41.431680
140.404260, 6.470070, 140.484837, 15.303087
140.484837, 15.303087, 140.565413, 24.136103
140.565413, 24.136103, 140.645990, 32.969120
140.404260, 6.470070, 145.398420, 6.432770
140.615480, 72.974140, 141.403340, 77.220955
141.403340, 77.220955, 142.191200, 81.467770
140.615480, 72.974140, 156.288425, 72.893320
156.288425, 72.893320, 171.961370, 72.812500
140.645990, 32.969120, 140.683810, 36.093970
140.683810, 36.093970, 140.721630, 39.218820
140.645990, 32.969120, 145.365190, 32.935700
145.365190, 32.935700, 150.084390, 32.902280
140.721630, 39.218820, 145.681980, 39.181770
141.734060, -40.291870, 141.771600, -37.292020
141.734060, -40.291870, 149.974873, -40.336120
149.974873, -40.336120, 158.215687, -40.380370
158.215687, -40.380370, 166.456500, -40.424620
141.771600, -37.292020, 141.815847, -33.042187
141.815847, -33.042187, 141.860093, -28.792353
141.860093, -28.792353, 141.904340, -24.542520
141.904340, -24.542520, 144.792010, -24.563045
144.792010, -24.563045, 147.679680, -24.583570
142.191200, 81.467770, 163.105410, 81.339610
145.270280, -11.566780, 145.296490, -7.900207
145.296490, -7.900207, 145.322700, -4.233633
145.322700, -4.233633, 145.348910, -0.567060
145.270280, -11.566780, 151.116160, -11.598567
151.116160, -11.598567, 156.962040, -11.630353
156.962040, -11.630353, 162.807920, -11.662140
145.348910, -0.567060, 145.373665, 2.932855
145.373665, 2.932855, 145.398420, 6.432770
145.398420, 6.432770, 151.224287, 6.401090
151.224287, 6.401090, 157.050153, 6.369410
157.050153, 6.369410, 162.876020, 6.337730
145.681980, 39.181770, 145.709240, 41.431680
145.709240, 41.431680, 150.043735, 41.404520
150.043735, 41.404520, 154.378230, 41.377360
147.659280, -27.083500, 147.679680, -24.583570
147.659280, -27.083500, 151.429315, -27.105830
151.429315, -27.105830, 155.199350, -27.128160
150.042350, 27.902410, 150.063370, 30.402345
150.063370, 30.402345, 150.084390, 32.902280
150.042350, 27.902410, 154.640375, 27.877665
154.640375, 27.877665, 159.238400, 27.852920
154.359420, 39.377410, 154.378230, 41.377360
154.359420, 39.377410, 158.941300, 39.356510
158.941300, 39.356510, 163.523180, 39.335610
155.181330, -29.794780, 155.199350, -27.128160
155.181330, -29.794780, 160.212900, -29.818610
159.210890, 22.852980, 159.224645, 25.352950
159.224645, 25.352950, 159.238400, 27.852920
159.210890, 22.852980, 162.942540, 22.837610
160.201380, -31.818590, 160.212900, -29.818610
160.201380, -31.818590, 163.977890, -31.833200
162.775550, -19.662080, 162.791735, -15.662110
162.791735, -15.662110, 162.807920, -11.662140
162.775550, -19.662080, 164.030580, -19.666620
162.807920, -11.662140, 162.827150, -6.662180
162.818600, 79.340180, 163.105410, 81.339610
162.818600, 79.340180, 174.531590, 79.308340
162.827150, -6.662180, 162.838435, -3.662200
162.838435, -3.662200, 162.849720, -0.662220
162.827150, -6.662180, 166.665533, -6.672017
166.665533, -6.672017, 170.503917, -6.681853
170.503917, -6.681853, 174.342300, -6.691690
162.849720, -0.662220, 162.862870, 2.837755
162.862870, 2.837755, 162.876020, 6.337730
162.942540, 22.837610, 162.951500, 24.837590
162.951500, 24.837590, 166.680950, 24.825050
163.489410, 33.335680, 163.506295, 36.335645
163.506295, 36.335645, 163.523180, 39.335610
163.489410, 33.335680, 166.714230, 33.324990
163.958520, -35.666500, 163.977890, -31.833200
163.958520, -35.666500, 166.479360, -35.674660
164.008080, -25.166580, 164.019330, -22.416600
164.019330, -22.416600, 164.030580, -19.666620
164.008080, -25.166580, 169.035827, -25.176320
169.035827, -25.176320, 174.063573, -25.186060
174.063573, -25.186060, 179.091320, -25.195800
166.337250, -57.174440, 166.377000, -51.591167
166.377000, -51.591167, 166.416750, -46.007893
166.416750, -46.007893, 166.456500, -40.424620
166.337250, -57.174440, 170.155920, -57.184350
166.456500, -40.424620, 166.479360, -35.674660
166.479360, -35.674660, 172.783007, -35.681070
172.783007, -35.681070, 179.086653, -35.687480
179.086653, -35.687480, 185.390300, -35.693890
166.680950, 24.825050, 166.694000, 28.325030
166.694000, 28.325030, 166.714230, 33.324990
166.694000, 28.325030, 170.998980, 28.318037
170.998980, 28.318037, 175.303960, 28.311043
175.303960, 28.311043, 179.608940, 28.304050
169.856970, -75.684010, 169.932917, -72.017430
169.932917, -72.017430, 170.008863, -68.350850
170.008863, -68.350850, 170.084810, -64.684270
169.856970, -75.684010, 188.819205, -75.653805
188.819205, -75.653805, 207.781440, -75.623600
170.084810, -64.684270, 170.120365, -60.934310
170.120365, -60.934310, 170.155920, -57.184350
170.084810, -64.684270, 179.057370, -64.695790
171.849350, 65.812610, 171.905360, 69.312555
171.905360, 69.312555, 171.961370, 72.812500
171.849350, 65.812610, 181.579260, 65.803960
174.342300, -6.691690, 174.346410, -3.691695
174.346410, -3.691695, 174.350520, -0.691700
174.342300, -6.691690, 179.098610, -6.695800
174.350520, -0.691700, 174.355577, 2.974963
174.355577, 2.974963, 174.360633, 6.641627
174.360633, 6.641627, 174.365690, 10.308290
174.365690, 10.308290, 176.984710, 10.306170
176.984710, 10.306170, 179.603730, 10.304050
174.434790, 76.308410, 174.531590, 79.308340
174.434790, 76.308410, 185.127705, 76.318660
185.127705, 76.318660, 195.820620, 76.328910
179.057370, -64.695790, 179.064070, -60.195790
179.064070, -60.195790, 179.070770, -55.695790
179.057370, -64.695790, 186.747880, -64.686375
186.747880, -64.686375, 194.438390, -64.676960
179.070770, -55.695790, 186.702640, -55.686450
186.702640, -55.686450, 194.334510, -55.677110
179.091320, -25.195800, 179.093133, -20.695800
179.093133, -20.695800, 179.094947, -16.195800
179.094947, -16.195800, 179.096760, -11.695800
179.091320, -25.195800, 182.862390, -25.192667
182.862390, -25.192667, 186.633460, -25.189533
186.633460, -25.189533, 190.404530, -25.186400
179.096760, -11.695800, 179.097685, -9.195800
179.097685, -9.195800, 179.098610, -6.695800
179.096760, -11.695800, 184.108860, -11.689663
184.108860, -11.689663, 189.120960, -11.683527
189.120960, -11.683527, 194.133060, -11.677390
179.603730, 10.304050, 179.604540, 13.304050
179.604540, 13.304050, 179.606007, 18.304050
179.606007, 18.304050, 179.607473, 23.304050
179.607473, 23.304050, 179.608940, 28.304050
179.604540, 13.304050, 184.423707, 13.310203
184.423707, 13.310203, 189.242873, 13.316357
189.242873, 13.316357, 194.062040, 13.322510
179.608940, 28.304050, 181.595670, 28.303960
181.579260, 65.803960, 181.581560, 63.303960
181.581560, 63.303960, 192.566050, 63.331655
192.566050, 63.331655, 203.550540, 63.359350
181.591410, 44.303960, 181.592440, 40.637293
181.592440, 40.637293, 181.593470, 36.970627
181.593470, 36.970627, 181.594500, 33.303960
181.591410, 44.303960, 182.826440, 44.304340
181.594500, 33.303960, 181.595085, 30.803960
181.595085, 30.803960, 181.595670, 28.303960
181.594500, 33.303960, 186.554270, 33.307430
182.818530, 52.304340, 182.822485, 48.304340
182.822485, 48.304340, 182.826440, 44.304340
182.818530, 52.304340, 189.793157, 52.322830
189.793157, 52.322830, 196.767783, 52.341320
196.767783, 52.341320, 203.742410, 52.359810
185.387430, -33.693890, 185.390300, -35.693890
185.387430, -33.693890, 190.427210, -33.686380
186.554270, 33.307430, 186.557700, 31.307430
186.557700, 31.307430, 191.107717, 31.319533
191.107717, 31.319533, 195.657733, 31.331637
195.657733, 31.331637, 200.207750, 31.343740
190.398510, -22.686410, 190.404530, -25.186400
190.398510, -22.686410, 194.166870, -22.677340
190.417400, -30.186390, 190.427210, -33.686380
190.417400, -30.186390, 202.155190, -30.122553
202.155190, -30.122553, 213.892980, -30.058717
213.892980, -30.058717, 225.630770, -29.994880
194.059070, 14.322510, 194.062040, 13.322510
194.059070, 14.322510, 199.044005, 14.341500
199.044005, 14.341500, 204.028940, 14.360490
194.133060, -11.677390, 194.144330, -15.344040
194.144330, -15.344040, 194.155600, -19.010690
194.155600, -19.010690, 194.166870, -22.677340
194.166870, -22.677340, 201.282277, -22.642487
201.282277, -22.642487, 208.397683, -22.607633
208.397683, -22.607633, 215.513090, -22.572780
194.334510, -55.677110, 194.386450, -60.177035
194.386450, -60.177035, 194.438390, -64.676960
194.438390, -64.676960, 204.680280, -64.637940
195.820620, 76.328910, 195.959050, 72.829135
195.959050, 72.829135, 196.097480, 69.329360
195.820620, 76.328910, 204.157020, 76.363820
196.097480, 69.329360, 203.374145, 69.364240
203.374145, 69.364240, 210.650810, 69.399120
200.207750, 31.343740, 200.226570, 27.843780
200.226570, 27.843780, 203.953880, 27.860310
203.550540, 63.359350, 203.573640, 62.359400
203.573640, 62.359400, 210.309450, 62.400440
210.309450, 62.400440, 217.045260, 62.441480
203.742410, 52.359810, 203.795120, 47.859930
203.795120, 47.859930, 207.746930, 47.881935
207.746930, 47.881935, 211.698740, 47.903940
203.809190, 79.362930, 204.157020, 76.363820
203.809190, 79.362930, 216.782850, 79.444980
203.953880, 27.860310, 203.978900, 23.360370
203.978900, 23.360370, 204.003920, 18.860430
204.003920, 18.860430, 204.028940, 14.360490
203.953880, 27.860310, 207.371360, 27.878980
207.371360, 27.878980, 210.788840, 27.897650
204.028940, 14.360490, 204.046400, 10.860535
204.046400, 10.860535, 204.063860, 7.360580
204.063860, 7.360580, 211.969733, 7.415517
211.969733, 7.415517, 219.875607, 7.470453
219.875607, 7.470453, 227.781480, 7.525390
204.680280, -64.637940, 204.707480, -65.637880
204.680280, -64.637940, 212.597625, -64.588480
212.597625, -64.588480, 220.514970, -64.539020
204.707480, -65.637880, 207.268020, -65.624950
207.268020, -65.624950, 207.364450, -68.124695
207.364450, -68.124695, 207.460880, -70.624440
207.460880, -70.624440, 207.621160, -73.124020
207.621160, -73.124020, 207.781440, -75.623600
207.460880, -70.624440, 215.813660, -70.567990
215.813660, -70.567990, 224.166440, -70.511540
207.781440, -75.623600, 208.446280, -79.371835
208.446280, -79.371835, 209.111120, -83.120070
209.111120, -83.120070, 242.988560, -82.789175
242.988560, -82.789175, 276.866000, -82.458280
210.650810, 69.399120, 210.820560, 65.399650
210.770870, 30.147600, 210.788840, 27.897650
210.770870, 30.147600, 211.888940, 30.154540
210.820560, 65.399650, 218.990230, 65.467217
218.990230, 65.467217, 227.159900, 65.534783
227.159900, 65.534783, 235.329570, 65.602350
211.584390, 54.903580, 211.641565, 51.403760
211.641565, 51.403760, 211.698740, 47.903940
211.584390, 54.903580, 217.251260, 54.942240
211.698740, 47.903940, 211.762140, 41.987473
211.762140, 41.987473, 211.825540, 36.071007
211.825540, 36.071007, 211.888940, 30.154540
213.022950, 85.930810, 214.902900, 82.687895
214.902900, 82.687895, 216.782850, 79.444980
214.450260, -42.580650, 214.519110, -46.913750
214.519110, -46.913750, 214.587960, -51.246850
214.587960, -51.246850, 214.656810, -55.579950
214.450260, -42.580650, 220.123270, -42.537415
220.123270, -42.537415, 225.796280, -42.494180
214.656810, -55.579950, 220.234470, -55.540090
215.408510, -8.573130, 215.443370, -13.239680
215.443370, -13.239680, 215.478230, -17.906230
215.478230, -17.906230, 215.513090, -22.572780
215.408510, -8.573130, 218.537810, -8.549910
218.537810, -8.549910, 221.667110, -8.526690
215.513090, -22.572780, 215.533700, -25.072700
215.533700, -25.072700, 220.555130, -25.033905
220.555130, -25.033905, 225.576560, -24.995110
217.045260, 62.441480, 217.148260, 58.691860
217.148260, 58.691860, 217.251260, 54.942240
217.251260, 54.942240, 223.421155, 54.993555
223.421155, 54.993555, 229.591050, 55.044870
220.234470, -55.540090, 220.374720, -60.039555
220.374720, -60.039555, 220.514970, -64.539020
220.234470, -55.540090, 228.083510, -55.475490
221.603100, -0.526940, 221.635105, -4.526815
221.635105, -4.526815, 221.667110, -8.526690
221.603100, -0.526940, 224.728060, -0.500615
224.728060, -0.500615, 227.853020, -0.474290
224.003640, -68.012210, 224.166440, -70.511540
224.003640, -68.012210, 226.557120, -67.990930
224.166440, -70.511540, 235.601190, -70.394273
235.601190, -70.394273, 247.035940, -70.277007
247.035940, -70.277007, 258.470690, -70.159740
225.576560, -24.995110, 225.603665, -27.494995
225.603665, -27.494995, 225.630770, -29.994880
225.630770, -29.994880, 225.685940, -34.161313
225.685940, -34.161313, 225.741110, -38.327747
225.741110, -38.327747, 225.796280, -42.494180
225.630770, -29.994880, 231.280375, -29.942250
231.280375, -29.942250, 236.929980, -29.889620
226.353540, -64.075130, 226.557120, -67.990930
226.353540, -64.075130, 230.166590, -64.041570
227.605490, 25.524610, 227.664153, 19.524870
227.664153, 19.524870, 227.722817, 13.525130
227.722817, 13.525130, 227.781480, 7.525390
227.605490, 25.524610, 229.099520, 25.538060
227.781480, 7.525390, 227.817250, 3.525550
227.817250, 3.525550, 227.853020, -0.474290
227.853020, -0.474290, 227.881950, -3.724160
227.881950, -3.724160, 232.050287, -3.683637
232.050287, -3.683637, 236.218623, -3.643113
236.218623, -3.643113, 240.386960, -3.602590
228.056720, -54.475620, 228.083510, -55.475490
228.056720, -54.475620, 232.353380, -54.436420
228.083510, -55.475490, 232.381910, -55.436280
229.015920, 32.537680, 229.057720, 29.037870
229.057720, 29.037870, 229.099520, 25.538060
229.015920, 32.537680, 232.746980, 32.572610
229.099520, 25.538060, 233.334923, 25.580087
233.334923, 25.580087, 237.570327, 25.622113
237.570327, 25.622113, 241.805730, 25.664140
229.591050, 55.044870, 229.657380, 52.545170
229.657380, 52.545170, 237.084480, 52.617480
230.054570, -61.458750, 230.166590, -64.041570
230.054570, -61.458750, 232.589760, -61.435310
232.207250, -48.437110, 232.280315, -51.436765
232.280315, -51.436765, 232.353380, -54.436420
232.207250, -48.437110, 237.247280, -48.388020
232.381910, -55.436280, 232.465895, -57.935885
232.465895, -57.935885, 232.549880, -60.435490
232.549880, -60.435490, 232.589760, -61.435310
232.549880, -60.435490, 240.792280, -60.349975
240.792280, -60.349975, 249.034680, -60.264460
232.643660, 39.572110, 232.695320, 36.072360
232.695320, 36.072360, 232.746980, 32.572610
232.643660, 39.572110, 237.365430, 39.618910
235.050630, 69.600950, 235.329570, 65.602350
235.050630, 69.600950, 247.841060, 69.738300
236.813070, -20.390200, 236.871525, -25.139910
236.871525, -25.139910, 236.929980, -29.889620
236.813070, -20.390200, 240.571770, -20.351620
236.929980, -29.889620, 241.947710, -29.837760
237.084480, 52.617480, 237.124590, 51.117680
237.124590, -42.388640, 237.185935, -45.388330
237.185935, -45.388330, 237.247280, -48.388020
237.124590, -42.388640, 242.152800, -42.336680
237.124590, 51.117680, 237.204870, 47.284757
237.204870, 47.284757, 237.285150, 43.451833
237.285150, 43.451833, 237.365430, 39.618910
237.124590, 51.117680, 243.335337, 51.186543
243.335337, 51.186543, 249.546083, 51.255407
249.546083, 51.255407, 255.756830, 51.324270
237.365430, 39.618910, 241.718695, 39.665315
241.718695, 39.665315, 246.071960, 39.711720
240.111020, 21.645970, 240.146050, 18.646155
240.146050, 18.646155, 240.181080, 15.646340
240.111020, 21.645970, 241.856580, 21.664410
240.181080, 15.646340, 242.676630, 15.672800
240.386960, -3.602590, 240.437280, -8.352320
240.386960, -3.602590, 243.012680, -3.574385
243.012680, -3.574385, 245.638400, -3.546180
240.437280, -8.352320, 240.482110, -12.352087
240.482110, -12.352087, 240.526940, -16.351853
240.526940, -16.351853, 240.571770, -20.351620
240.437280, -8.352320, 243.064245, -8.324105
243.064245, -8.324105, 245.691210, -8.295890
241.805730, 25.664140, 241.856580, 21.664410
241.805730, 25.664140, 243.800180, 25.685600
241.947710, -29.837760, 242.016073, -34.004067
242.016073, -34.004067, 242.084437, -38.170373
242.084437, -38.170373, 242.152800, -42.336680
242.152800, -42.336680, 248.494790, -42.267480
242.676630, 15.672800, 242.720977, 11.673037
242.720977, 11.673037, 242.765323, 7.673273
242.765323, 7.673273, 242.809670, 3.673510
242.809670, 3.673510, 245.558600, 3.703380
243.786710, 26.685520, 243.800180, 25.685600
243.786710, 26.685520, 246.279810, 26.712870
245.558600, 3.703380, 245.602640, -0.296380
245.558600, 3.703380, 249.182255, 3.744295
249.182255, 3.744295, 252.805910, 3.785210
245.602640, -0.296380, 245.638400, -3.546180
245.691210, -8.295890, 245.731037, -11.712340
245.731037, -11.712340, 245.770863, -15.128790
245.770863, -15.128790, 245.810690, -18.545240
245.810690, -18.545240, 247.438230, -18.527230
245.822990, -19.545170, 245.857220, -22.211645
245.857220, -22.211645, 245.891450, -24.878120
245.822990, -19.545170, 247.450680, -19.527160
245.891450, -24.878120, 249.523565, -24.837110
249.523565, -24.837110, 253.155680, -24.796100
246.071960, 39.711720, 246.141243, 35.378770
246.141243, 35.378770, 246.210527, 31.045820
246.210527, 31.045820, 246.279810, 26.712870
247.220700, 74.734790, 247.530880, 72.236545
247.530880, 72.236545, 247.841060, 69.738300
247.220700, 74.734790, 261.536640, 74.903310
247.438230, -18.527230, 247.450680, -19.527160
248.494790, -42.267480, 248.570630, -45.767050
248.570630, -45.767050, 248.725313, -50.599520
248.725313, -50.599520, 248.879997, -55.431990
248.879997, -55.431990, 249.034680, -60.264460
248.570630, -45.767050, 255.650183, -45.683483
255.650183, -45.683483, 262.729737, -45.599917
262.729737, -45.599917, 269.809290, -45.516350
249.034680, -60.264460, 249.081630, -61.264190
249.081630, -61.264190, 251.537850, -61.236460
251.537850, -61.236460, 251.676320, -63.819000
251.676320, -63.819000, 254.195150, -63.790090
252.701490, 12.617940, 252.753700, 8.201575
252.753700, 8.201575, 252.805910, 3.785210
252.701490, 12.617940, 256.448670, 12.662045
256.448670, 12.662045, 260.195850, 12.706150
253.155680, -24.796100, 253.195520, -27.504205
253.195520, -27.504205, 253.235360, -30.212310
253.235360, -30.212310, 257.490853, -30.161760
257.490853, -30.161760, 261.746347, -30.111210
261.746347, -30.111210, 266.001840, -30.060660
254.195150, -63.790090, 254.283510, -65.206250
254.283510, -65.206250, 255.542400, -65.191640
255.542400, -65.191640, 255.724980, -67.690580
255.724980, -67.690580, 258.242490, -67.661090
255.756830, 51.324270, 255.786360, 50.324440
255.786360, 50.324440, 261.943470, 50.398657
261.943470, 50.398657, 268.100580, 50.472873
268.100580, 50.472873, 274.257690, 50.547090
258.242490, -67.661090, 258.470690, -70.159740
258.242490, -67.661090, 265.775730, -67.571110
259.222070, -10.140440, 259.259750, -13.140215
259.259750, -13.140215, 259.297430, -16.139990
259.222070, -10.140440, 262.347785, -10.102905
262.347785, -10.102905, 265.473500, -10.065370
259.297430, -16.139990, 262.548815, -16.100935
262.548815, -16.100935, 265.800200, -16.061880
260.176880, 14.206040, 260.195850, 12.706150
260.176880, 14.206040, 265.175680, 14.266520
265.175680, 14.266520, 270.174480, 14.327000
270.174480, 14.327000, 275.173280, 14.387480
260.217900, 79.895350, 260.877270, 77.399330
260.877270, 77.399330, 261.536640, 74.903310
260.217900, 79.895350, 267.656030, 79.985750
261.722240, 85.949570, 264.689135, 82.967660
264.689135, 82.967660, 267.656030, 79.985750
261.722240, 85.949570, 308.720970, 86.465620
265.168190, -57.074780, 265.370703, -60.573557
265.370703, -60.573557, 265.573217, -64.072333
265.573217, -64.072333, 265.775730, -67.571110
265.168190, -57.074780, 272.672250, -56.983770
265.473500, -10.065370, 265.494410, -11.731910
265.494410, -11.731910, 266.744700, -11.716780
265.775730, -67.571110, 273.280080, -67.480080
265.800200, -16.061880, 265.867413, -20.728140
265.867413, -20.728140, 265.934627, -25.394400
265.934627, -25.394400, 266.001840, -30.060660
265.800200, -16.061880, 270.674860, -16.002725
270.674860, -16.002725, 275.549520, -15.943570
266.001840, -30.060660, 269.502810, -30.018210
266.723760, -10.050230, 266.744700, -11.716780
266.723760, -10.050230, 271.223720, -9.995610
269.101040, -0.020650, 269.149710, -4.020350
269.101040, -0.020650, 272.225825, 0.017285
272.225825, 0.017285, 275.350610, 0.055220
269.149710, -4.020350, 271.149680, -3.996060
269.502810, -30.018210, 269.564140, -33.517835
269.564140, -33.517835, 269.625470, -37.017460
269.625470, -37.017460, 269.717380, -41.266905
269.717380, -41.266905, 269.809290, -45.516350
269.625470, -37.017460, 276.282420, -36.937827
276.282420, -36.937827, 282.939370, -36.858193
282.939370, -36.858193, 289.596320, -36.778560
269.809290, -45.516350, 272.309030, -45.485970
271.149680, -3.996060, 271.186700, -6.995835
271.186700, -6.995835, 271.223720, -9.995610
272.309030, -45.485970, 272.430103, -49.318570
272.430103, -49.318570, 272.551177, -53.151170
272.551177, -53.151170, 272.672250, -56.983770
272.309030, -45.485970, 278.129233, -45.416503
278.129233, -45.416503, 283.949437, -45.347037
283.949437, -45.347037, 289.769640, -45.277570
272.672250, -56.983770, 284.267767, -56.852040
284.267767, -56.852040, 295.863283, -56.720310
295.863283, -56.720310, 307.458800, -56.588580
273.280080, -67.480080, 273.737575, -71.227300
273.737575, -71.227300, 274.195070, -74.974520
273.466880, 47.536990, 273.586050, 41.704380
273.586050, 41.704380, 273.705220, 35.871770
273.705220, 35.871770, 273.824390, 30.039160
273.466880, 47.536990, 274.342380, 47.547600
273.824390, 30.039160, 276.700770, 30.073980
274.195070, -74.974520, 275.530535, -78.716400
275.530535, -78.716400, 276.866000, -82.458280
274.195070, -74.974520, 290.524970, -74.801170
290.524970, -74.801170, 306.854870, -74.627820
306.854870, -74.627820, 323.184770, -74.454470
274.257690, 50.547090, 274.342380, 47.547600
274.342380, 47.547600, 280.731520, 47.623735
280.731520, 47.623735, 287.120660, 47.699870
275.173280, 14.387480, 275.203080, 12.054330
275.203080, 12.054330, 278.295565, 12.091550
278.295565, 12.091550, 281.388050, 12.128770
275.274620, 6.304760, 275.296010, 4.554890
275.274620, 6.304760, 278.366600, 6.341975
278.366600, 6.341975, 281.458580, 6.379190
275.296010, 4.554890, 277.871130, 4.586020
275.296010, 4.554890, 277.921050, 4.586620
275.314230, 3.055000, 275.350610, 0.055220
275.314230, 3.055000, 277.889300, 3.086130
275.314230, 3.055000, 277.939230, 3.086730
275.399130, -3.944480, 275.449260, -7.944177
275.449260, -7.944177, 275.499390, -11.943873
275.499390, -11.943873, 275.549520, -15.943570
275.399130, -3.944480, 280.398200, -3.884220
275.549520, -15.943570, 280.171620, -15.888190
280.171620, -15.888190, 284.793720, -15.832810
276.700770, 30.073980, 276.762890, 26.074350
276.762890, 26.074350, 280.516385, 26.119225
280.516385, 26.119225, 284.269880, 26.164100
277.871130, 4.586020, 277.889300, 3.086130
277.921050, 4.586620, 277.939230, 3.086730
280.326240, 2.115350, 280.350210, 0.115490
280.326240, 2.115350, 284.576430, 2.165910
280.350210, 0.115490, 280.398200, -3.884220
280.398200, -3.884220, 284.647290, -3.833680
281.388050, 12.128770, 281.423315, 9.253980
281.423315, 9.253980, 281.458580, 6.379190
281.388050, 12.128770, 284.456270, 12.165200
281.458580, 6.379190, 284.525990, 6.415610
284.269880, 26.164100, 284.277170, 25.664140
284.277170, 25.664140, 284.339130, 21.247840
284.277170, 25.664140, 287.219245, 25.698360
287.219245, 25.698360, 290.161320, 25.732580
284.339130, 21.247840, 284.373630, 18.664710
284.339130, 21.247840, 287.217720, 21.281330
287.217720, 21.281330, 290.096310, 21.314820
284.373630, 18.664710, 284.414950, 15.414955
284.414950, 15.414955, 284.456270, 12.165200
284.373630, 18.664710, 286.375500, 18.688220
284.525990, 6.415610, 284.576430, 2.165910
284.647290, -3.833680, 284.695675, -7.850060
284.695675, -7.850060, 284.744060, -11.866440
284.744060, -11.866440, 284.793720, -15.832810
284.744060, -11.866440, 290.404830, -11.803037
290.404830, -11.803037, 296.065600, -11.739633
296.065600, -11.739633, 301.726370, -11.676230
286.375500, 18.688220, 286.405490, 16.355070
286.405490, 16.355070, 290.577383, 16.401957
290.577383, 16.401957, 294.749277, 16.448843
294.749277, 16.448843, 298.921170, 16.495730
286.876460, 55.698450, 286.998560, 51.699160
286.998560, 51.699160, 287.120660, 47.699870
286.876460, 55.698450, 291.904590, 55.756000
287.120660, 47.699870, 288.375530, 47.714390
288.375530, 47.714390, 288.470310, 43.714940
288.470310, 43.714940, 291.983540, 43.755040
289.596320, -36.778560, 289.682980, -41.028065
289.682980, -41.028065, 289.769640, -45.277570
289.769640, -45.277570, 295.569527, -45.215047
295.569527, -45.215047, 301.369413, -45.152523
301.369413, -45.152523, 307.169300, -45.090000
290.095260, 30.232200, 290.132640, 27.732410
290.095260, 30.232200, 291.598790, 30.249320
290.096310, 21.314820, 290.121290, 19.398300
290.121290, 19.398300, 294.503495, 19.446920
294.503495, 19.446920, 298.885700, 19.495540
290.132640, 27.732410, 290.161320, 25.732580
290.132640, 27.732410, 293.202420, 27.766790
293.202420, 27.766790, 296.272200, 27.801170
291.492600, 36.748710, 291.545695, 33.499015
291.545695, 33.499015, 291.598790, 30.249320
291.492600, 36.748710, 292.119660, 36.755800
291.809550, 58.255470, 291.904590, 55.756000
291.809550, 58.255470, 297.100560, 58.313870
291.983540, 43.755040, 292.051600, 40.255420
292.051600, 40.255420, 292.119660, 36.755800
296.250950, 29.301060, 296.272200, 27.801170
296.250950, 29.301060, 302.524830, 29.363087
302.524830, 29.363087, 308.798710, 29.425113
308.798710, 29.425113, 315.072590, 29.487140
297.039240, 59.813540, 297.100560, 58.313870
297.039240, 59.813540, 300.573270, 59.851080
298.860260, 21.578730, 298.885700, 19.495540
298.860260, 21.578730, 301.992835, 21.611195
301.992835, 21.611195, 305.125410, 21.643660
298.921170, 16.495730, 298.926000, 16.079080
298.926000, 16.079080, 303.559010, 16.127520
300.485210, 61.850620, 300.573270, 59.851080
300.485210, 61.850620, 306.811880, 61.914380
300.573270, 59.851080, 308.716590, 59.932240
300.673800, 80.364780, 301.273600, 77.867825
301.273600, 77.867825, 301.873400, 75.370870
300.673800, 80.364780, 313.705880, 80.486790
301.693700, -8.643080, 301.726370, -11.676230
301.693700, -8.643080, 305.689175, -8.603250
305.689175, -8.603250, 309.684650, -8.563420
301.726370, -11.676230, 301.789570, -16.998123
301.789570, -16.998123, 301.852770, -22.320017
301.852770, -22.320017, 301.915970, -27.641910
301.873400, 75.370870, 309.573050, 75.445530
301.915970, -27.641910, 306.897960, -27.591340
303.559010, 16.127520, 303.597845, 12.502715
303.597845, 12.502715, 303.636680, 8.877910
303.559010, 16.127520, 305.186960, 16.143960
303.636680, 8.877910, 306.013950, 8.901820
305.125410, 21.643660, 305.134050, 20.893700
305.134050, 20.893700, 305.186960, 16.143960
305.134050, 20.893700, 309.896940, 20.939950
306.013950, 8.901820, 306.046525, 5.651985
306.046525, 5.651985, 306.079100, 2.402150
306.079100, 2.402150, 309.579890, 2.436090
306.517380, 67.412960, 306.664630, 64.663670
306.664630, 64.663670, 306.811880, 61.914380
306.517380, 67.412960, 310.334010, 67.449030
306.897960, -27.591340, 306.988407, -33.424227
306.988407, -33.424227, 307.078853, -39.257113
307.078853, -39.257113, 307.169300, -45.090000
306.897960, -27.591340, 311.875850, -27.547450
311.875850, -27.547450, 316.853740, -27.503560
316.853740, -27.503560, 321.831630, -27.459670
307.169300, -45.090000, 307.265800, -48.922860
307.265800, -48.922860, 307.362300, -52.755720
307.362300, -52.755720, 307.458800, -56.588580
307.169300, -45.090000, 312.126973, -45.046287
312.126973, -45.046287, 317.084647, -45.002573
317.084647, -45.002573, 322.042320, -44.958860
307.458800, -56.588580, 307.564800, -59.588060
307.564800, -59.588060, 314.956725, -59.522870
314.956725, -59.522870, 322.348650, -59.457680
308.331360, 86.630630, 308.720970, 86.465620
308.331360, 86.630630, 343.510670, 86.836890
308.660810, 61.348640, 308.716590, 59.932240
308.660810, 61.348640, 309.623790, 61.357700
308.720970, 86.465620, 311.213425, 83.476205
311.213425, 83.476205, 313.705880, 80.486790
309.573050, 75.445530, 309.953530, 71.447280
309.953530, 71.447280, 310.334010, 67.449030
309.579890, 2.436090, 309.598850, 0.436180
309.579890, 2.436090, 314.081100, 2.477320
309.598850, 0.436180, 309.641750, -4.063620
309.641750, -4.063620, 309.684650, -8.563420
309.623790, 61.357700, 309.727575, 58.316515
309.727575, 58.316515, 309.831360, 55.275330
309.684650, -8.563420, 309.714275, -11.563280
309.714275, -11.563280, 309.743900, -14.563140
309.743900, -14.563140, 313.734750, -14.528797
313.734750, -14.528797, 317.725600, -14.494453
317.725600, -14.494453, 321.716450, -14.460110
309.831360, 55.275330, 316.754970, 55.329050
316.754970, 55.329050, 323.678580, 55.382770
323.678580, 55.382770, 330.602190, 55.436490
309.896940, 20.939950, 309.907670, 19.940000
309.907670, 19.940000, 313.543225, 19.972320
313.543225, 19.972320, 317.178780, 20.004640
314.045510, 6.477160, 314.081100, 2.477320
314.045510, 6.477160, 314.671100, 6.482660
314.081100, 2.477320, 317.832285, 2.508350
317.832285, 2.508350, 321.583470, 2.539380
314.618600, 12.315760, 314.644850, 9.399210
314.644850, 9.399210, 314.671100, 6.482660
314.618600, 12.315760, 317.248370, 12.338260
315.072590, 29.487140, 315.083910, 28.487190
315.083910, 28.487190, 318.852040, 28.517620
318.852040, 28.517620, 322.620170, 28.548050
317.178780, 20.004640, 317.213575, 16.171450
317.213575, 16.171450, 317.248370, 12.338260
317.178780, 20.004640, 320.188410, 20.029080
317.248370, 12.338260, 318.250260, 12.346560
318.244520, 13.013200, 318.250260, 12.346560
318.244520, 13.013200, 321.501110, 13.039060
320.151710, 24.028940, 320.188410, 20.029080
320.151710, 24.028940, 322.662020, 24.048210
321.501110, 13.039060, 321.528563, 9.539167
321.528563, 9.539167, 321.556017, 6.039273
321.556017, 6.039273, 321.583470, 2.539380
321.583470, 2.539380, 323.584280, 2.554410
321.668420, -8.460300, 321.692435, -11.460205
321.692435, -11.460205, 321.716450, -14.460110
321.668420, -8.460300, 325.662295, -8.432350
325.662295, -8.432350, 329.656170, -8.404400
321.807780, -24.959760, 321.831630, -27.459670
321.807780, -24.959760, 325.789035, -24.931900
325.789035, -24.931900, 329.770290, -24.904040
321.831630, -27.459670, 321.879840, -31.959485
321.879840, -31.959485, 321.928050, -36.459300
321.928050, -36.459300, 321.985185, -40.709080
321.985185, -40.709080, 322.042320, -44.958860
321.928050, -36.459300, 330.194540, -36.414523
330.194540, -36.414523, 338.461030, -36.369747
338.461030, -36.369747, 346.727520, -36.324970
322.042320, -44.958860, 322.117370, -49.458570
322.117370, -49.458570, 327.058100, -49.424870
327.058100, -49.424870, 331.998830, -49.391170
322.348650, -59.457680, 322.627357, -64.456610
322.627357, -64.456610, 322.906063, -69.455540
322.906063, -69.455540, 323.184770, -74.454470
322.620170, 28.548050, 322.662020, 24.048210
322.620170, 28.548050, 327.395180, 28.581800
323.184770, -74.454470, 337.591300, -74.383465
337.591300, -74.383465, 351.997830, -74.312460
323.578760, 3.304390, 323.584280, 2.554410
323.578760, 3.304390, 326.580230, 3.325670
326.580230, 3.325670, 326.587080, 2.325690
326.587080, 2.325690, 331.588760, 2.357610
327.319970, 36.581550, 327.357575, 32.581675
327.357575, 32.581675, 327.395180, 28.581800
327.319970, 36.581550, 329.461020, 36.595380
329.376650, 44.345120, 329.418835, 40.470250
329.418835, 40.470250, 329.461020, 36.595380
329.376650, 44.345120, 329.881640, 44.348260
329.461020, 36.595380, 331.350470, 36.606910
329.656170, -8.404400, 329.694210, -13.904280
329.694210, -13.904280, 329.732250, -19.404160
329.732250, -19.404160, 329.770290, -24.904040
329.770290, -24.904040, 335.407180, -24.877710
335.407180, -24.877710, 341.044070, -24.851380
341.044070, -24.851380, 346.680960, -24.825050
329.878610, 44.598250, 329.881640, 44.348260
329.878610, 44.598250, 330.762660, 44.603650
330.602190, 55.436490, 330.639210, 53.353270
330.639210, 53.353270, 330.700935, 48.978460
330.700935, 48.978460, 330.762660, 44.603650
330.639210, 53.353270, 333.174680, 53.367940
331.350470, 36.606910, 331.359560, 35.606930
331.359560, 35.606930, 335.475220, 35.626490
335.475220, 35.626490, 339.590880, 35.646050
339.590880, 35.646050, 343.706540, 35.665610
331.587270, 2.607610, 331.588760, 2.357610
331.587270, 2.607610, 335.338920, 2.625810
335.338920, 2.625810, 339.090570, 2.644010
339.090570, 2.644010, 342.842220, 2.662210
331.998830, -49.391170, 332.056265, -52.891005
332.056265, -52.891005, 332.113700, -56.390840
332.113700, -56.390840, 332.208660, -59.890557
332.208660, -59.890557, 332.303620, -63.390273
332.303620, -63.390273, 332.398580, -66.889990
332.113700, -56.390840, 338.665310, -56.364790
338.665310, -56.364790, 345.216920, -56.338740
345.216920, -56.338740, 351.768530, -56.312690
332.398580, -66.889990, 342.129985, -66.851295
342.129985, -66.851295, 351.861390, -66.812600
333.137630, 55.617840, 333.174680, 53.367940
333.137630, 55.617840, 335.931300, 55.632630
335.910930, 56.882580, 335.931300, 55.632630
335.910930, 56.882580, 344.304030, 56.917960
339.260990, 88.663890, 343.510670, 86.836890
339.260990, 88.663890, 360.000000, 88.518850
342.821420, 8.162170, 342.831820, 5.412190
342.831820, 5.412190, 342.842220, 2.662210
342.821420, 8.162170, 348.246960, 8.173380
348.246960, 8.173380, 353.672500, 8.184590
353.672500, 8.184590, 359.098040, 8.195800
342.842220, 2.662210, 342.849720, 0.662220
342.849720, 0.662220, 342.864710, -3.337750
342.864710, -3.337750, 348.277210, -3.326567
348.277210, -3.326567, 353.689710, -3.315383
353.689710, -3.315383, 359.102210, -3.304200
343.706540, 35.665610, 343.709190, 35.165620
343.709190, 35.165620, 344.465310, 35.168240
344.269130, 59.751230, 344.304030, 56.917960
344.269130, 59.751230, 348.859670, 59.764680
344.304030, 56.917960, 344.342850, 53.168030
344.342850, 53.168030, 344.383670, 47.168100
344.383670, 47.168100, 344.424490, 41.168170
344.424490, 41.168170, 344.465310, 35.168240
344.342850, 53.168030, 351.452900, 53.187000
344.465310, 35.168240, 349.254745, 35.179775
349.254745, 35.179775, 354.044180, 35.191310
346.680960, -24.825050, 346.696480, -28.658357
346.696480, -28.658357, 346.712000, -32.491663
346.712000, -32.491663, 346.727520, -36.324970
346.680960, -24.825050, 350.824160, -24.818100
350.824160, -24.818100, 354.967360, -24.811150
354.967360, -24.811150, 359.110560, -24.804200
346.727520, -36.324970, 351.683390, -36.312770
348.816500, 63.681290, 348.859670, 59.764680
348.816500, 63.681290, 355.217570, 63.692880
351.452900, 53.187000, 351.465690, 50.687020
351.465690, 50.687020, 355.270560, 50.692910
351.683390, -36.312770, 351.692700, -39.312760
351.692700, -39.312760, 351.717977, -44.979403
351.717977, -44.979403, 351.743253, -50.646047
351.743253, -50.646047, 351.768530, -56.312690
351.692700, -39.312760, 355.846350, -39.319935
355.846350, -39.319935, 360.000000, -39.327110
351.768530, -56.312690, 351.778400, -57.812680
351.778400, -57.812680, 360.000000, -57.822660
351.861390, -66.812600, 351.929610, -70.562530
351.929610, -70.562530, 351.997830, -74.312460
351.997830, -74.312460, 360.000000, -74.305350
354.044180, 35.191310, 354.049160, 32.774650
354.049160, 32.774650, 357.828090, 32.778510
355.197860, 66.692870, 355.217570, 63.692880
355.197860, 66.692870, 360.000000, 66.692690
355.270560, 50.692910, 355.276080, 48.692920
355.276080, 48.692920, 360.000000, 48.693990
357.828090, 32.778510, 357.828740, 32.028500
357.828740, 32.028500, 360.000000, 32.029000
357.828740, 32.028500, 360.000000, 32.029210
359.097120, 10.695800, 359.098040, 8.195800
359.097120, 10.695800, 360.000000, 10.695880
359.102210, -3.304200, 359.103300, -6.304200
359.103300, -6.304200, 359.105720, -12.470867
359.105720, -12.470867, 359.108140, -18.637533
359.108140, -18.637533, 359.110560, -24.804200
359.103300, -6.304200, 360.000000, -6.304590
359.110560, -24.804200, 360.000000, -24.806440
