NGC103, 6.3221, 61.3219, 9.8, 5.0
NGC104, 6.0217, -71.9197, 4.0, 50.0
NGC121, 6.6963, -70.4633, 11.2, 1.5
NGC129, 7.4917, 60.2117, 6.5, 12.0
NGC133, 7.8250, 63.3517, 9.4, 3.0
NGC136, 7.8779, 61.5092, 11.5, 1.5
NGC146, 8.2625, 63.3017, 9.1, 5.0
NGC152, 8.2371, -72.8839, 11.9, 1.7
NGC176, 8.9950, -72.8339, 12.7, 1.0
NGC188, 11.8750, 85.2583, 8.1, 15.0
NGC189, 9.8983, 61.0950, 8.8, 5.0
NGC220, 10.1250, -72.5958, 12.4, 0.8
NGC222, 10.1821, -72.6142, 12.2, 0.6
NGC225, 10.9000, 61.7667, 7.0, 15.0
NGC231, 10.2767, -72.6475, 12.7, 0.8
NGC241, 10.8883, -72.5575, 12.1, 0.9
NGC242, 10.8883, -72.5575, 12.1, 0.9
NGC256, 11.4721, -72.4931, 12.7, 0.6
NGC265, 11.7963, -72.5228, 12.2, 1.0
NGC269, 12.0875, -72.4683, 13.3, 0.6
NGC272, 12.8583, 35.8217, 8.5, 5.0
NGC288, 13.1896, -25.4025, 8.1, 13.0
NGC290, 12.8112, -72.8375, 12.0, 0.8
NGC294, 13.2737, -72.6194, 12.7, 0.8
NGC299, 13.3529, -71.8036, 11.7, 0.7
NGC306, 13.5629, -71.7575, 12.5, 0.8
NGC330, 14.0825, -71.5378, 9.6, 1.4
NGC339, 14.4375, -73.5278, 12.8, 2.2
NGC362, 15.8096, -69.1522, 6.8, 14.0
NGC376, 15.9725, -71.1761, 10.9, 1.0
NGC381, 17.0833, 61.5833, 9.3, 7.0
NGC411, 16.9821, -70.2314, 12.2, 1.3
NGC416, 16.9938, -71.6431, 12.6, 1.2
NGC419, 17.0717, -71.1167, 11.2, 2.4
NGC436, 18.9917, 58.8117, 8.8, 5.0
NGC457, 19.8875, 58.2950, 6.4, 20.0
NGC458, 18.7150, -70.4489, 10.5, 1.5
NGC465, 18.9279, -72.6758, 11.5, 2.0
NGC559, 22.3792, 63.3017, 9.5, 7.0
NGC609, 24.0988, 64.5367, 11.0, 3.0
NGC637, 25.7625, 64.0367, 8.2, 3.0
NGC643A, 22.6558, -75.9450, 12.0, 2.0
NGC654, 25.9975, 61.8828, 6.5, 6.0
NGC659, 26.1000, 60.6700, 7.9, 6.0
NGC663, 26.5708, 61.2183, 7.1, 15.0
NGC744, 29.6375, 55.4733, 7.9, 5.0
NGC752, 29.3958, 37.8333, 5.7, 75.0
NGC869, 34.7667, 57.1350, 5.3, 18.0
NGC884, 35.5208, 57.1300, 6.1, 18.0
NGC956, 38.0621, 44.6467, 8.9, 9.0
NGC957, 38.3375, 57.5600, 7.6, 10.0
NGC1027, 40.6500, 61.5950, 6.7, 15.0
NGC1049, 39.9504, -33.7417, 12.9, 1.2
NGC1193, 46.4792, 44.3833, 12.6, 3.0
NGC1220, 47.9192, 53.3481, 11.8, 2.0
NGC1245, 48.6725, 47.2386, 8.4, 10.0
NGC1261, 48.0637, -54.7836, 8.3, 6.8
NGC1342, 52.9083, 37.3767, 6.7, 17.0
NGC1444, 57.3542, 52.6550, 6.6, 4.0
NGC1466, 56.1392, -70.3283, 11.4, 1.9
NGC1496, 61.1325, 52.6614, 9.6, 3.0
NGC1502, 61.9550, 62.3317, 6.9, 20.0
NGC1513, 62.4875, 49.5150, 8.4, 12.0
NGC1528, 63.8292, 51.2117, 6.4, 18.0
NGC1545, 65.2342, 50.2553, 6.2, 12.0
NGC1582, 67.9125, 43.7433, 7.0, 24.0
NGC1605, 68.7175, 45.2714, 10.7, 5.0
NGC1624, 70.1517, 50.4617, 11.8, 3.0
NGC1629, 67.4042, -70.1617, 12.7, 1.0
NGC1644, 69.4150, -65.8031, 12.9, 1.6
NGC1647, 71.4258, 19.1192, 6.4, 40.0
NGC1649, 69.5954, -67.3269, 13.1, 15.0
NGC1651, 69.3863, -69.4144, 12.3, 2.5
NGC1652, 69.5954, -67.3269, 13.1, 15.0
NGC1662, 72.1125, 10.9300, 6.4, 12.0
NGC1663, 72.3512, 13.1408, 14.5, 9.0
NGC1664, 72.7725, 43.6761, 7.6, 18.0
NGC1673, 70.6654, -68.1786, 14.1, 0.7
NGC1693, 71.9117, -68.6564, 12.9, 0.7
NGC1695, 71.9354, -68.6261, 12.2, 1.5
NGC1696, 72.1250, -67.7569, 14.0, 0.9
NGC1697, 72.1517, -67.4419, 12.6, 2.6
NGC1698, 72.2687, -68.8864, 12.1, 1.6
NGC1702, 72.3654, -68.1492, 12.5, 1.0
NGC1704, 72.4813, -68.2436, 11.5, 1.7
NGC1711, 72.6508, -68.0144, 10.1, 2.4
NGC1718, 73.1058, -66.9492, 12.3, 2.0
NGC1732, 73.2942, -67.3500, 12.3, 0.9
NGC1733, 73.5200, -65.3172, 13.3, 1.2
NGC1734, 73.3900, -67.2311, 13.1, 1.3
NGC1735, 73.5821, -66.9003, 10.8, 1.6
NGC1746, 75.9583, 23.7700, 6.1, 40.0
NGC1749, 73.7338, -67.8111, 13.6, 1.2
NGC1751, 73.5504, -68.1936, 14.5, 1.7
NGC1755, 73.8121, -67.7958, 9.9, 2.6
NGC1756, 73.7079, -68.7625, 12.2, 1.1
NGC1761, 74.1750, -65.5208, 9.9, 1.2
NGC1764, 74.1158, -66.3061, 12.6, 1.0
NGC1766, 73.9904, -69.7747, 12.2, 0.7
NGC1768, 74.2508, -67.7506, 12.8, 0.9
NGC1772, 74.2204, -68.4439, 11.0, 1.5
NGC1774, 74.5288, -66.7575, 10.8, 1.8
NGC1775, 74.2225, -69.5703, 12.6, 0.7
NGC1776, 74.6658, -65.5703, 13.0, 1.1
NGC1777, 73.9492, -73.7144, 12.8, 2.1
NGC1778, 77.0208, 37.0233, 7.7, 8.0
NGC1782, 74.4633, -68.6078, 10.5, 1.2
NGC1783, 74.7867, -64.0147, 10.9, 3.0
NGC1786, 74.7829, -66.2547, 10.9, 1.6
NGC1787, 75.0083, -64.2050, 10.9, 23.0
NGC1789, 74.4633, -70.0992, 13.1, 1.5
NGC1791, 74.7775, -69.8311, 13.1, 1.3
NGC1793, 74.9096, -68.4422, 12.4, 1.3
NGC1795, 74.9458, -68.1986, 12.4, 1.6
NGC1798, 77.9138, 47.6956, 10.0, 5.0
NGC1801, 75.1442, -68.3861, 12.2, 2.2
NGC1804, 75.2638, -68.9172, 11.9, 1.0
NGC1805, 75.5892, -65.8878, 10.6, 2.2
NGC1806, 75.5475, -66.0161, 11.1, 2.2
NGC1807, 77.6917, 16.5133, 7.0, 12.0
NGC1810, 75.8471, -65.6181, 11.9, 1.2
NGC1815, 75.6138, -69.3789, 12.4, 1.2
NGC1816, 75.9617, -66.7392, 9.0, 1.0
NGC1817, 78.1125, 16.6833, 7.7, 20.0
NGC1818, 76.0617, -65.5656, 9.7, 3.4
NGC1822, 76.2883, -65.7894, 13.2, 0.8
NGC1823, 75.8542, -69.6644, 12.1, 0.9
NGC1825, 76.0792, -67.0733, 12.0, 0.5
NGC1826, 76.3917, -65.7689, 13.3, 0.9
NGC1828, 76.0871, -68.6117, 12.5, 0.7
NGC1830, 76.1596, -68.6597, 12.6, 0.7
NGC1831, 76.5675, -63.0814, 11.2, 3.9
NGC1835, 76.2737, -68.5958, 10.6, 1.2
NGC1836, 76.3937, -67.3719, 12.2, 0.8
NGC1837, 76.2329, -69.2858, 10.6, 1.3
NGC1838, 76.6958, -67.5767, 12.9, 0.7
NGC1841, 71.3462, -82.0031, 14.1, 2.4
NGC1842, 76.8258, -66.7267, 14.0, 0.8
NGC1844, 76.8779, -66.6764, 12.1, 1.3
NGC1845, 76.4375, -69.4183, 10.2, 20.0
NGC1846, 76.8946, -66.5414, 11.3, 2.8
NGC1847, 76.7842, -67.0286, 11.1, 1.0
NGC1849, 77.3954, -65.6842, 12.8, 1.3
NGC1850, 77.1867, -67.2383, 9.0, 3.4
NGC1851, 78.5263, -39.9533, 7.1, 12.0
NGC1852, 77.3500, -66.2225, 12.0, 1.8
NGC1856, 77.3725, -68.8722, 10.1, 1.8
NGC1857, 80.0208, 39.3433, 7.0, 10.0
NGC1859, 77.8825, -64.7503, 12.3, 2.0
NGC1860, 77.6650, -67.2478, 11.0, 0.8
NGC1861, 77.5925, -69.2228, 13.2, 1.2
NGC1862, 78.1442, -65.8456, 13.3, 0.3
NGC1863, 77.9150, -67.2731, 11.0, 0.5
NGC1864, 78.1696, -66.3786, 12.9, 0.9
NGC1865, 78.1046, -67.2289, 12.9, 0.8
NGC1866, 78.4129, -64.5344, 9.7, 4.5
NGC1867, 78.4271, -65.7058, 13.4, 1.3
NGC1868, 78.6521, -62.0450, 11.6, 3.9
NGC1870, 78.2917, -68.8831, 11.3, 0.5
NGC1872, 78.2950, -68.6828, 11.0, 1.0
NGC1878, 78.2125, -69.5283, 12.9, 1.1
NGC1882, 78.8892, -65.8703, 12.3, 1.2
NGC1883, 81.4754, 46.4903, 12.0, 5.0
NGC1885, 78.7746, -67.0222, 12.0, 0.8
NGC1887, 79.0250, -65.6814, 12.7, 1.1
NGC1890, 78.4412, -71.9219, 12.8, 1.2
NGC1893, 80.6900, 33.4144, 7.5, 10.0
NGC1894, 78.9637, -68.5314, 12.2, 0.8
NGC1897, 79.3850, -66.5511, 13.5, 1.0
NGC1900, 79.7892, -62.9764, 13.6, 1.7
NGC1902, 79.5800, -65.3725, 11.8, 1.6
NGC1903, 79.3433, -68.6647, 11.9, 1.0
NGC1905, 79.5983, -66.7219, 13.2, 1.0
NGC1907, 82.0187, 35.3256, 8.2, 5.0
NGC1913, 79.5808, -68.4633, 11.1, 0.6
NGC1922, 79.9583, -68.4983, 11.5, 0.5
NGC1926, 80.1425, -68.4758, 11.8, 0.7
NGC1928, 80.2358, -68.5219, 11.9, 0.5
NGC1938, 80.3533, -68.0606, 11.8, 0.6
NGC1939, 80.3612, -68.0503, 12.9, 0.5
NGC1940, 80.6825, -66.8133, 11.9, 1.0
NGC1942, 81.1858, -62.0578, 13.5, 1.1
NGC1944, 80.4892, -71.5056, 11.8, 3.3
NGC1946, 81.3183, -65.6053, 12.6, 1.0
NGC1950, 81.1379, -68.0975, 13.2, 1.0
NGC1951, 81.5288, -65.4028, 10.6, 1.9
NGC1959, 81.4029, -68.0731, 12.2, 0.5
NGC1962, 81.5742, -67.1622, 11.5, 0.5
NGC1967, 81.6808, -68.8983, 10.8, 0.4
NGC1969, 81.6350, -68.1586, 12.5, 0.8
NGC1971, 81.6888, -68.1483, 11.9, 0.8
NGC1972, 81.6975, -68.1617, 12.6, 0.9
NGC1978, 82.1883, -65.7628, 10.7, 3.9
NGC1981, 83.8000, -3.5667, 4.2, 28.0
NGC1986, 81.9125, -68.0272, 11.1, 0.7
NGC1987, 81.8217, -69.2625, 12.1, 1.7
NGC1994, 82.0908, -68.8581, 9.8, 0.6
NGC1997, 82.6433, -62.7958, 13.4, 1.3
NGC2000, 81.8721, -70.1206, 11.9, 1.7
NGC2002, 82.5850, -65.1158, 10.1, 2.0
NGC2003, 82.7267, -65.5336, 11.3, 2.1
NGC2004, 82.6679, -66.7139, 9.6, 2.7
NGC2005, 82.5454, -68.2475, 11.6, 1.8
NGC2006, 82.8317, -65.0281, 11.5, 1.0
NGC2009, 82.7467, -68.8183, 11.0, 0.8
NGC2010, 82.6458, -69.1803, 11.7, 2.2
NGC2011, 83.0846, -66.4767, 10.6, 1.0
NGC2016, 82.9000, -68.0583, 10.4, 0.3
NGC2019, 82.9862, -69.8403, 10.9, 1.0
NGC2021, 83.3779, -66.5469, 12.1, 0.9
NGC2025, 83.1404, -70.2844, 10.9, 1.9
NGC2027, 83.7492, -65.0836, 11.9, 0.7
NGC2028, 83.4525, -68.0481, 12.9, 0.5
NGC2031, 83.4246, -69.0131, 10.8, 3.4
NGC2033, 83.6275, -68.2200, 11.6, 0.5
NGC2036, 83.6312, -69.9356, 12.8, 0.6
NGC2037, 83.7250, -68.2633, 10.3, 0.5
NGC2038, 83.6767, -69.4369, 11.9, 1.7
NGC2041, 84.1171, -65.0103, 10.4, 0.7
NGC2042, 84.0400, -67.0764, 9.6, 9.0
NGC2044, 84.0250, -68.8014, 10.6, 2.0
NGC2046, 83.9067, -69.7592, 12.6, 1.3
NGC2047, 83.9712, -69.8072, 13.2, 0.8
NGC2050, 84.1621, -68.6164, 9.3, 1.0
NGC2051, 84.0308, -70.9886, 11.7, 1.7
NGC2053, 84.4158, -66.5869, 12.2, 1.2
NGC2055, 84.2625, -68.5683, 8.4, 0.6
NGC2056, 84.1421, -69.3281, 12.3, 1.7
NGC2057, 84.2300, -69.7311, 12.2, 1.8
NGC2058, 84.2262, -69.8378, 11.9, 1.8
NGC2059, 84.2525, -69.8708, 12.9, 1.0
NGC2062, 85.0117, -65.1242, 12.7, 0.9
NGC2065, 84.4104, -69.7633, 11.2, 2.6
NGC2066, 84.4300, -69.8333, 13.1, 0.7
NGC2072, 84.6021, -69.7658, 13.2, 1.3
NGC2088, 85.2496, -67.5344, 12.5, 1.7
NGC2091, 85.2421, -68.5628, 12.1, 1.7
NGC2093, 85.4575, -67.0786, 11.6, 1.7
NGC2095, 85.7083, -66.6800, 13.1, 0.8
NGC2096, 85.5746, -67.5414, 11.3, 1.2
NGC2097, 86.0667, -61.2144, 13.7, 1.8
NGC2098, 85.6267, -67.7244, 10.7, 1.6
NGC2100, 85.5379, -68.7881, 9.6, 2.8
NGC2102, 85.5858, -68.5128, 11.4, 1.0
NGC2105, 86.0800, -65.0822, 12.2, 1.7
NGC2107, 85.8042, -69.3600, 11.5, 2.1
NGC2108, 85.9804, -68.8192, 12.8, 2.0
NGC2109, 86.0958, -67.4522, 12.2, 2.0
NGC2111, 86.1379, -69.0067, 12.5, 1.6
NGC2112, 88.4383, 0.4108, 9.1, 18.0
NGC2114, 86.5508, -67.9517, 12.5, 1.0
NGC2116, 86.8133, -67.4919, 12.9, 1.0
NGC2117, 86.9417, -66.5497, 12.7, 1.3
NGC2118, 86.9150, -68.8681, 12.0, 1.3
NGC2120, 87.6450, -62.3250, 12.7, 2.0
NGC2121, 87.0517, -70.5189, 12.4, 2.7
NGC2123, 87.9308, -64.6783, 12.6, 1.2
NGC2126, 90.6371, 49.8658, 10.2, 6.0
NGC2127, 87.8433, -68.6386, 11.6, 1.2
NGC2129, 90.2771, 23.3178, 6.7, 6.0
NGC2130, 88.0992, -66.6658, 12.0, 1.2
NGC2133, 87.8700, -70.8250, 12.0, 1.7
NGC2134, 87.9862, -70.9028, 11.1, 2.5
NGC2135, 88.3958, -66.5728, 12.1, 1.0
NGC2136, 88.2438, -68.5075, 10.5, 1.9
NGC2137, 88.3050, -68.5181, 12.7, 0.8
NGC2138, 88.7033, -64.1647, 13.8, 1.0
NGC2140, 88.5679, -67.4000, 12.4, 1.7
NGC2141, 90.7292, 10.4464, 9.4, 10.0
NGC2145, 88.5950, -69.0981, 12.1, 1.7
NGC2147, 88.9404, -67.7983, 12.9, 1.1
NGC2153, 89.4658, -65.5992, 13.1, 1.3
NGC2154, 89.4096, -66.7378, 11.8, 2.4
NGC2155, 89.6388, -64.5236, 12.6, 2.1
NGC2156, 89.4600, -67.5392, 11.4, 1.1
NGC2157, 89.3954, -68.8028, 10.2, 2.7
NGC2158, 91.8567, 24.0961, 8.6, 5.0
NGC2159, 89.5125, -67.3756, 11.4, 0.9
NGC2160, 89.5538, -67.7103, 12.2, 1.2
NGC2161, 88.9300, -73.6461, 13.0, 2.2
NGC2164, 89.7292, -67.4844, 10.3, 2.5
NGC2165, 92.7667, 51.6783, 12.7, 6.0
NGC2166, 89.8908, -66.0586, 12.9, 1.2
NGC2169, 92.1013, 13.9647, 5.9, 6.0
NGC2172, 90.0246, -67.3631, 11.8, 1.7
NGC2173, 89.4938, -71.0219, 11.9, 2.4
NGC2177, 90.3188, -66.2667, 12.8, 1.2
NGC2181, 90.6821, -64.7350, 13.6, 1.6
NGC2186, 93.0296, 5.4586, 8.7, 5.0
NGC2190, 90.2671, -73.2744, 12.9, 2.0
NGC2192, 93.8225, 39.8553, 10.9, 5.0
NGC2193, 91.5746, -64.9008, 13.4, 1.9
NGC2194, 93.4412, 12.8067, 8.5, 9.0
NGC2197, 91.5362, -66.9025, 13.5, 1.7
NGC2203, 91.1779, -74.5617, 12.0, 3.3
NGC2204, 93.8875, -17.3350, 8.6, 10.0
NGC2209, 92.1396, -72.1622, 13.2, 2.8
NGC2210, 92.8829, -68.8792, 10.2, 2.1
NGC2213, 92.6750, -70.4717, 12.4, 2.1
NGC2214, 93.2396, -67.7408, 10.9, 3.6
NGC2215, 95.2050, -6.7161, 8.4, 8.0
NGC2231, 95.1792, -66.4814, 13.2, 2.0
NGC2232, 96.8125, -3.2417, 4.2, 45.0
NGC2236, 97.4150, 6.8308, 8.5, 8.0
NGC2239, 98.0792, 4.8567, 4.8, 24.0
NGC2241, 95.7221, -67.0753, 13.3, 1.3
NGC2243, 97.3933, -30.7186, 9.4, 8.3
NGC2244, 98.0792, 4.8567, 4.8, 24.0
NGC2249, 96.4567, -67.0803, 12.2, 1.7
NGC2250, 98.4575, -4.9156, 8.9, 10.0
NGC2251, 98.6600, 8.3664, 7.3, 10.0
NGC2252, 98.5825, 5.3228, 7.7, 18.0
NGC2254, 98.9442, 7.6708, 9.1, 6.0
NGC2257, 97.5542, -63.6753, 13.5, 2.2
NGC2259, 99.6387, 10.8825, 10.8, 3.5
NGC2262, 99.9112, 1.1417, 11.3, 4.0
NGC2264, 100.2425, 9.8956, 4.1, 40.0
NGC2266, 100.8300, 26.9694, 9.5, 5.0
NGC2269, 100.8208, 4.6244, 10.0, 3.0
NGC2281, 102.0742, 41.0789, 5.4, 25.0
NGC2286, 101.9171, -2.8522, 7.5, 15.0
NGC2298, 102.2467, -35.9953, 9.3, 5.0
NGC2299, 102.9858, -6.9156, 8.9, 2.5
NGC2301, 102.9383, 0.4592, 6.0, 15.0
NGC2302, 102.9858, -6.9156, 8.9, 2.5
NGC2304, 103.7992, 17.9886, 10.0, 3.0
NGC2309, 104.0150, -6.8256, 10.5, 5.0
NGC2311, 104.4479, -3.3886, 9.6, 7.0
NGC2324, 106.0329, 1.0447, 8.4, 8.0
NGC2331, 106.7492, 27.2617, 8.5, 19.0
NGC2335, 106.7058, -9.9714, 7.2, 7.0
NGC2343, 107.0279, -9.3833, 6.7, 6.0
NGC2345, 107.0779, -12.8064, 7.7, 12.0
NGC2353, 108.6262, -9.7342, 7.1, 18.0
NGC2354, 108.5417, -24.3100, 6.5, 18.0
NGC2355, 109.2467, 13.7500, 9.7, 8.0
NGC2356, 109.2467, 13.7500, 9.7, 8.0
NGC2360, 109.4296, -14.3586, 7.2, 14.0
NGC2362, 109.6725, -23.0458, 3.8, 6.0
NGC2367, 110.0250, -20.1183, 7.9, 5.0
NGC2368, 110.2592, -9.6256, 11.8, 3.0
NGC2374, 110.9833, -12.7367, 8.0, 12.0
NGC2383, 111.1663, -19.0525, 8.4, 5.0
NGC2384, 111.2917, -20.9783, 7.4, 5.0
NGC2395, 111.8033, 13.6083, 8.0, 15.0
NGC2396, 112.0000, -10.2833, 7.4, 10.0
NGC2401, 112.3513, -12.0333, 12.6, 2.0
NGC2409, 112.9029, -16.8103, 7.3, 2.5
NGC2414, 113.3033, -14.5461, 7.9, 6.0
NGC2419, 114.5354, 38.8825, 10.3, 4.6
NGC2420, 114.5992, 21.5742, 8.3, 6.0
NGC2421, 114.0500, -19.3883, 8.3, 8.0
NGC2423, 114.2779, -12.1286, 6.7, 12.0
NGC2432, 115.2208, -18.9233, 10.2, 7.0
NGC2439, 115.1892, -30.3075, 6.9, 9.0
NGC2451, 116.3500, -36.0500, 2.8, 50.0
NGC2453, 116.8921, -26.8053, 8.3, 4.0
NGC2455, 117.2500, -20.6983, 10.2, 15.0
NGC2477, 118.0417, -37.4700, 5.8, 20.0
NGC2479, 118.7750, -16.2922, 9.6, 11.0
NGC2482, 118.8000, -23.7417, 7.3, 10.0
NGC2483, 118.9125, -26.1050, 7.6, 9.0
NGC2489, 119.0663, -29.9358, 7.9, 5.0
NGC2506, 120.0071, -9.2303, 7.6, 12.0
NGC2509, 120.1992, -18.9494, 9.3, 12.0
NGC2516, 119.5167, -59.2467, 3.8, 22.0
NGC2520, 121.2421, -27.8539, 6.5, 10.0
NGC2527, 121.2421, -27.8539, 6.5, 10.0
NGC2533, 121.7667, -28.1333, 7.6, 6.0
NGC2539, 122.6537, -11.1794, 6.5, 15.0
NGC2546, 123.1000, -36.3833, 6.3, 70.0
NGC2547, 122.5375, -48.7750, 4.7, 25.0
NGC2567, 124.6333, -29.3600, 7.4, 11.0
NGC2568, 124.5754, -36.8947, 10.7, 3.0
NGC2571, 124.7346, -28.2508, 7.0, 7.0
NGC2579, 125.2196, -35.7839, 7.5, 19.0
NGC2580, 125.3667, -29.7083, 9.7, 8.0
NGC2587, 125.8500, -28.4914, 9.2, 10.0
NGC2588, 125.7896, -31.0250, 11.8, 2.0
NGC2627, 129.3125, -28.0450, 8.4, 9.0
NGC2635, 129.6079, -33.2283, 11.2, 3.0
NGC2645, 129.7629, -45.7728, 7.0, 3.0
NGC2658, 130.8637, -31.3439, 9.2, 10.0
NGC2659, 130.6500, -45.0000, 8.6, 15.0
NGC2660, 130.6583, -46.7994, 8.8, 3.0
NGC2669, 131.5792, -51.0650, 6.1, 14.0
NGC2670, 131.3750, -47.2083, 7.8, 7.0
NGC2671, 131.5500, -40.1228, 11.6, 5.0
NGC2808, 138.0108, -63.1375, 6.2, 14.0
NGC2849, 139.8450, -39.4797, 12.5, 3.0
NGC2910, 142.6208, -51.0861, 7.2, 6.0
NGC2925, 143.2954, -52.6042, 8.3, 15.0
NGC2972, 145.0479, -49.6797, 9.9, 5.0
NGC2999, 145.0479, -49.6797, 9.9, 5.0
NGC3033, 147.1667, -55.5883, 8.8, 12.0
NGC3105, 150.1646, -53.2125, 9.7, 2.0
NGC3114, 150.6500, -59.9000, 4.2, 35.0
NGC3201, 154.4033, -45.5894, 6.9, 20.0
NGC3228, 155.3417, -50.2717, 6.0, 5.0
NGC3247, 156.0500, -56.2367, 7.6, 5.0
NGC3255, 156.6304, -59.3217, 11.0, 2.0
NGC3293, 158.9625, -57.7700, 4.7, 5.0
NGC3330, 159.6917, -53.8850, 7.4, 6.0
NGC3496, 164.9000, -59.6633, 8.2, 7.0
NGC3519, 166.0112, -60.6319, 7.7, 8.0
NGC3532, 166.4167, -57.2667, 3.0, 50.0
NGC3572, 167.6108, -59.7561, 6.6, 7.0
NGC3590, 168.2454, -59.2111, 8.2, 2.0
NGC3603, 168.7775, -60.7389, 9.1, 4.0
NGC3680, 171.4083, -42.7500, 7.6, 7.0
NGC3766, 174.0596, -60.3900, 5.3, 15.0
NGC3960, 177.6379, -54.3236, 8.3, 7.0
NGC4052, 180.5000, -62.7783, 8.8, 10.0
NGC4103, 181.6646, -60.7500, 7.4, 6.0
NGC4147, 182.5258, 18.5425, 10.4, 4.4
NGC4153, 182.5258, 18.5425, 10.4, 4.4
NGC4337, 186.0133, -57.8764, 8.9, 3.5
NGC4349, 186.0250, -60.1297, 7.4, 4.0
NGC4372, 186.4392, -71.3414, 7.2, 5.0
NGC4439, 187.1096, -59.8969, 8.4, 4.0
NGC4463, 187.4800, -63.2106, 7.2, 6.0
NGC4609, 190.5825, -61.0061, 6.9, 6.0
NGC4755, 193.4125, -59.6383, 4.2, 10.0
NGC4815, 194.4929, -63.0383, 8.6, 5.0
NGC4833, 194.8958, -69.1258, 8.4, 14.0
NGC4852, 195.0375, -58.3867, 8.9, 12.0
NGC5053, 199.1125, 17.6986, 9.0, 10.0
NGC5120, 201.4179, -62.5419, 13.0, 3.0
NGC5138, 201.8167, -58.9583, 7.6, 8.0
NGC5139, 201.6958, -46.5192, 5.3, 55.0
NGC5168, 202.7800, -59.0608, 9.1, 4.0
NGC5281, 206.6529, -61.0906, 5.9, 8.0
NGC5284, 206.7750, -58.7725, 10.0, 30.0
NGC5286, 206.6104, -50.6272, 7.4, 11.0
NGC5288, 207.1900, -63.3136, 11.8, 3.0
NGC5316, 208.5000, -60.1500, 6.0, 15.0
NGC5460, 211.9000, -47.7000, 5.6, 35.0
NGC5466, 211.3638, 28.5350, 9.2, 9.0
NGC5606, 216.9467, -58.3678, 7.7, 3.0
NGC5617, 217.4333, -59.2892, 6.3, 10.0
NGC5634, 217.4054, -4.0242, 9.5, 5.5
NGC5662, 218.8783, -55.3372, 5.5, 30.0
NGC5694, 219.9021, -25.4622, 10.2, 4.3
NGC5715, 220.9125, -56.4297, 9.8, 7.0
NGC5749, 222.2033, -53.5064, 8.8, 10.0
NGC5764, 223.3825, -51.3289, 12.6, 3.0
NGC5800, 225.4492, -50.0817, 8.0, 5.0
NGC5822, 226.0096, -53.6608, 6.5, 35.0
NGC5823, 226.3771, -54.3964, 7.9, 12.0
NGC5824, 225.9938, -32.9328, 9.1, 7.4
NGC5834, 225.9938, -32.9328, 9.1, 7.4
NGC5897, 229.3521, -20.9903, 8.4, 11.0
NGC5925, 231.8583, -53.4717, 8.4, 20.0
NGC5927, 232.0021, -49.3278, 8.0, 6.0
NGC5946, 233.8688, -49.3411, 8.4, 3.0
NGC5986, 236.5146, -36.2144, 7.6, 9.6
NGC5999, 238.0354, -55.5272, 9.0, 3.0
NGC6005, 238.9475, -56.5564, 10.7, 5.0
NGC6025, 240.8238, -59.5686, 5.1, 15.0
NGC6031, 241.8933, -53.9833, 8.5, 3.0
NGC6067, 243.2954, -53.7811, 5.6, 15.0
NGC6087, 244.7158, -56.1003, 5.4, 15.0
NGC6101, 246.4525, -71.7989, 9.2, 5.0
NGC6115, 246.1117, -50.0467, 9.8, 3.4
NGC6124, 246.3217, -39.3331, 5.8, 40.0
NGC6134, 246.9317, -48.8358, 7.2, 6.0
NGC6139, 246.9183, -37.1517, 9.1, 8.2
NGC6144, 246.8087, -25.9758, 9.0, 7.4
NGC6152, 248.1875, -51.3567, 8.1, 25.0
NGC6167, 248.6454, -48.2281, 6.7, 7.0
NGC6169, 248.5208, -43.9547, 6.6, 12.0
NGC6178, 248.9617, -44.3533, 7.2, 5.0
NGC6192, 250.0867, -42.6347, 8.5, 9.0
NGC6193, 250.3346, -47.2367, 5.2, 14.0
NGC6200, 251.0358, -46.5303, 7.4, 15.0
NGC6204, 251.5329, -46.9878, 8.2, 6.0
NGC6208, 252.3575, -52.2950, 7.2, 18.0
NGC6216, 252.3479, -43.2686, 10.1, 4.0
NGC6222, 255.1887, -43.3450, 8.0, 15.0
NGC6229, 251.7454, 47.5283, 9.4, 4.5
NGC6231, 253.5408, -40.1750, 2.6, 14.0
NGC6235, 253.3558, -21.8233, 8.9, 5.0
NGC6242, 253.8775, -38.5331, 6.4, 9.0
NGC6249, 254.4238, -43.1953, 8.2, 6.0
NGC6250, 254.4833, -44.0633, 5.9, 16.0
NGC6253, 254.7754, -51.2842, 10.2, 4.0
NGC6256, 254.8858, -36.8792, 11.3, 4.1
NGC6259, 255.1887, -43.3450, 8.0, 15.0
NGC6268, 255.5171, -38.2789, 9.5, 6.0
NGC6281, 256.1967, -36.1122, 5.4, 8.0
NGC6284, 256.1200, -23.2358, 8.9, 6.2
NGC6287, 256.2892, -21.2925, 9.3, 4.8
NGC6293, 257.5433, -25.4189, 8.3, 8.2
NGC6304, 258.6354, -28.5383, 8.3, 8.0
NGC6316, 259.1558, -27.8606, 8.1, 5.4
NGC6318, 259.0558, -38.5761, 11.8, 5.0
NGC6322, 259.6071, -41.0661, 6.0, 5.0
NGC6325, 259.4967, -22.2347, 10.2, 4.1
NGC6342, 260.2925, -18.4133, 9.5, 4.4
NGC6352, 261.3717, -47.5778, 7.8, 9.0
NGC6355, 260.9942, -25.6469, 8.6, 4.2
NGC6356, 260.8958, -16.1875, 8.2, 10.0
NGC6362, 262.9783, -66.9525, 8.1, 15.0
NGC6366, 261.9346, -4.9239, 9.5, 13.0
NGC6374, 263.6758, -31.4183, 5.5, 20.0
NGC6380, 263.6167, -38.9314, 11.5, 3.6
NGC6383, 263.6758, -31.4183, 5.5, 20.0
NGC6388, 264.0708, -43.2656, 6.8, 10.4
NGC6396, 264.4008, -34.9742, 8.5, 3.0
NGC6397, 265.1721, -52.3269, 5.3, 31.0
NGC6400, 265.0500, -35.0383, 8.8, 12.0
NGC6401, 264.6538, -22.0917, 7.4, 4.8
NGC6404, 264.9054, -32.7533, 10.6, 6.0
NGC6416, 266.0829, -31.6389, 5.7, 15.0
NGC6421, 266.4333, -32.3128, 14.0, 45.0
NGC6425, 266.7500, -30.4700, 7.2, 10.0
NGC6426, 266.2279, 3.1708, 10.9, 4.2
NGC6440, 267.2192, -19.6411, 9.3, 4.4
NGC6441, 267.5538, -36.9494, 7.2, 9.6
NGC6451, 267.6687, -29.7883, 8.2, 8.0
NGC6453, 267.7158, -33.4019, 10.2, 7.6
NGC6469, 268.2354, -21.6881, 8.2, 8.0
NGC6480, 268.6083, -29.5483, 12.0, 17.0
NGC6496, 269.7583, -43.7356, 8.6, 5.6
NGC6507, 269.9583, -16.5500, 9.6, 7.0
NGC6517, 270.4608, -7.0417, 10.1, 4.0
NGC6520, 270.8542, -26.1089, 7.6, 5.0
NGC6522, 270.8921, -29.9667, 9.9, 9.4
NGC6528, 271.2067, -29.9447, 9.6, 5.0
NGC6530, 271.1250, -23.6417, 4.6, 15.0
NGC6535, 270.9613, 0.2964, 9.3, 3.4
NGC6539, 271.2075, -6.4147, 8.9, 7.9
NGC6540, 271.5358, -26.2353, 9.3, 1.5
NGC6541, 272.0092, -42.2889, 6.3, 15.0
NGC6544, 271.8358, -23.0031, 7.5, 9.2
NGC6546, 271.8417, -22.7033, 8.0, 15.0
NGC6553, 272.3150, -24.0928, 8.3, 9.2
NGC6558, 272.5767, -30.2369, 8.6, 4.2
NGC6568, 273.1833, -20.4167, 8.6, 12.0
NGC6569, 273.4121, -30.1742, 8.4, 6.4
NGC6583, 273.9533, -21.8625, 10.0, 5.0
NGC6584, 274.6571, -51.7856, 7.9, 6.6
NGC6603, 274.6000, -17.5933, 11.1, 4.0
NGC6604, 274.5250, -11.7833, 6.5, 6.0
NGC6605, 274.1000, -15.0000, 6.0, 29.0
NGC6624, 275.9187, -29.6394, 7.6, 8.8
NGC6625, 275.8033, -11.9869, 9.0, 39.0
NGC6631, 276.7896, -11.9736, 11.7, 7.0
NGC6633, 276.8129, 6.5083, 4.6, 20.0
NGC6638, 277.7342, -24.5042, 9.2, 7.3
NGC6642, 277.9762, -22.5242, 8.9, 5.8
NGC6645, 278.1575, -15.1161, 8.5, 15.0
NGC6649, 278.3679, -9.5978, 8.9, 6.0
NGC6652, 278.9404, -31.0103, 8.5, 6.0
NGC6664, 279.1275, -7.8125, 7.8, 12.0
NGC6683, 280.5529, -5.7875, 9.4, 3.0
NGC6704, 282.6908, -4.7950, 9.2, 6.0
NGC6709, 282.8750, 10.3333, 6.7, 15.0
NGC6712, 283.2679, -7.2944, 8.1, 9.8
NGC6716, 283.6417, -18.0917, 7.5, 10.0
NGC6717, 283.7758, -21.2997, 8.4, 5.4
NGC6723, 284.8883, -35.3689, 6.8, 13.0
NGC6738, 285.3333, 11.6150, 8.3, 15.0
NGC6749, 286.3137, 1.9014, 12.4, 4.0
NGC6752, 287.7158, -58.0186, 5.3, 29.0
NGC6755, 286.9542, 4.2667, 7.5, 15.0
NGC6756, 287.1771, 4.7058, 10.6, 4.0
NGC6760, 287.8004, 1.0311, 9.0, 9.6
NGC6791, 290.2196, 37.7742, 9.5, 10.0
NGC6802, 292.6500, 20.2617, 8.8, 5.0
NGC6811, 294.2900, 46.3756, 6.8, 15.0
NGC6819, 295.3250, 40.1833, 7.3, 5.0
NGC6823, 295.7917, 23.3000, 7.1, 7.0
NGC6830, 297.7500, 23.1000, 7.9, 6.0
NGC6834, 298.0521, 29.4081, 7.8, 6.0
NGC6837, 298.2833, 11.6983, 12.0, 3.0
NGC6846, 299.1171, 32.3486, 14.2, 0.8
NGC6866, 300.9796, 44.1592, 7.6, 7.0
NGC6871, 301.6125, 35.7900, 5.2, 30.0
NGC6883, 302.8250, 35.8500, 8.0, 35.0
NGC6910, 305.8000, 40.7786, 7.4, 10.0
NGC6934, 308.5483, 7.4047, 8.9, 7.1
NGC6939, 307.8750, 60.6617, 7.8, 10.0
NGC6940, 308.6346, 28.2803, 6.3, 25.0
NGC6996, 314.1250, 45.4733, 10.0, 5.0
NGC6997, 314.1250, 44.6500, 10.0, 8.0
NGC7006, 315.3729, 16.1881, 10.6, 3.6
NGC7031, 316.7167, 50.8433, 9.1, 15.0
NGC7039, 317.8000, 45.6500, 7.6, 15.0
NGC7044, 318.2892, 42.4961, 12.0, 7.0
NGC7062, 320.8642, 46.3786, 8.3, 5.0
NGC7063, 321.0917, 36.4867, 7.0, 9.0
NGC7067, 321.0512, 48.0114, 9.7, 3.0
NGC7082, 322.3208, 47.1267, 7.2, 24.0
NGC7086, 322.6146, 51.6006, 8.4, 12.0
NGC7128, 325.9904, 53.7153, 9.7, 4.0
NGC7142, 326.2892, 65.7744, 9.3, 12.0
NGC7160, 328.4175, 62.6033, 6.1, 5.0
NGC7209, 331.2833, 46.4833, 7.7, 15.0
NGC7226, 332.6125, 55.3986, 9.6, 2.0
NGC7234, 333.1000, 57.2733, 7.7, 6.0
NGC7235, 333.1000, 57.2733, 7.7, 6.0
NGC7243, 333.7854, 49.8975, 6.4, 30.0
NGC7245, 333.8000, 54.3433, 9.2, 5.0
NGC7261, 335.0417, 58.1100, 8.4, 6.0
NGC7295, 337.0083, 52.2883, 9.7, 4.0
NGC7296, 337.0083, 52.2883, 9.7, 4.0
NGC7380, 341.8375, 58.1317, 7.2, 20.0
NGC7419, 343.5833, 60.8156, 13.0, 6.0
NGC7492, 347.1112, -14.3892, 11.2, 4.2
NGC7510, 347.7675, 60.5689, 7.9, 7.0
NGC7686, 352.5304, 49.1342, 5.6, 15.0
NGC7762, 357.5000, 68.0383, 10.0, 15.0
NGC7788, 359.1917, 61.4000, 9.4, 4.0
NGC7789, 359.3692, 56.7144, 6.7, 25.0
NGC7790, 359.6008, 61.2083, 8.5, 5.0
