NGC6744, 287.4421, -63.8567, 9.1, 20.1
NGC4945, 196.3588, -49.4628, 9.3, 19.8
NGC300, 13.7221, -37.6842, 8.7, 19.0
NGC4631, 190.5317, 32.5417, 9.8, 15.2
NGC3628, 170.0696, 13.5900, 10.3, 13.1
NGC1269, 49.3263, -41.1072, 9.4, 11.0
NGC1316, 50.6725, -37.2078, 9.4, 11.0
NGC5033, 198.3667, 36.5933, 10.8, 10.7
NGC4437, 188.1900, 0.1156, 11.1, 10.5
NGC1560, 68.1979, 71.8794, 12.2, 9.8
NGC7424, 344.3267, -41.0708, 11.0, 9.5
NGC5084, 200.0696, -21.8275, 11.6, 9.3
NGC1313, 49.5667, -66.4953, 9.2, 9.2
NGC1512, 60.9750, -43.3489, 11.1, 8.9
NGC4762, 193.2329, 11.2306, 11.1, 8.7
NGC5102, 200.4875, -36.6317, 10.4, 8.6
NGC4438, 186.9400, 13.0086, 11.0, 8.5
NGC660, 25.7575, 13.6436, 12.0, 8.3
NGC1566, 65.0021, -54.9372, 10.3, 8.2
NGC2366, 112.2283, 69.2161, 11.5, 8.1
NGC4214, 183.9117, 36.3275, 10.2, 8.0
NGC4536, 188.6121, 2.1872, 11.2, 7.6
NGC1055, 40.4387, 0.4428, 11.4, 7.6
NGC1448, 56.1304, -44.6458, 11.4, 7.6
NGC7090, 324.1154, -54.5550, 11.3, 7.3
NGC3359, 161.6513, 63.2233, 11.0, 7.2
NGC474, 20.0279, 3.4161, 12.4, 7.1
NGC4526, 188.5117, 7.6989, 10.3, 7.0
NGC4365, 186.1175, 7.3175, 10.5, 6.9
NGC5317, 209.0496, 5.0156, 11.2, 6.8
NGC5792, 224.5942, -1.0903, 12.1, 6.8
NGC1672, 71.4283, -59.2478, 10.3, 6.7
NGC4731, 192.7542, -6.3925, 11.9, 6.6
NGC784, 30.3212, 28.8381, 12.2, 6.6
NGC1433, 55.5050, -47.2219, 10.7, 6.5
NGC1808, 76.9271, -37.5133, 10.7, 6.5
NGC2768, 137.9058, 60.0364, 10.8, 6.4
NGC4866, 194.8625, 14.1714, 12.1, 6.4
NGC4206, 183.8196, 13.0228, 12.8, 6.4
NGC2805, 140.0850, 64.1028, 11.5, 6.3
NGC6140, 245.2375, 65.3900, 11.8, 6.3
NGC2541, 123.6667, 49.0619, 12.3, 6.3
NGC2280, 101.2037, -27.6389, 10.9, 6.3
NGC6384, 263.1008, 7.0608, 11.1, 6.2
NGC3137, 152.2808, -29.0636, 12.1, 6.2
NGC3717, 172.8833, -30.3083, 12.2, 6.2
NGC4144, 182.4971, 46.4572, 12.1, 6.1
NGC2442, 114.0992, -69.5308, 11.2, 6.0
NGC5322, 207.3121, 60.1903, 11.1, 6.0
NGC6872, 304.2375, -70.7678, 12.7, 6.0
NGC5529, 213.8917, 36.2269, 12.8, 6.0
NGC5195, 202.4967, 47.2675, 10.5, 5.9
NGC4145, 182.5071, 39.8828, 11.8, 5.9
NGC1350, 52.7829, -33.6272, 11.2, 5.9
NGC2976, 146.8113, 67.9175, 10.8, 5.9
NGC7184, 330.6662, -20.8125, 11.7, 5.9
NGC4125, 182.0229, 65.1744, 10.7, 5.8
NGC1425, 55.5479, -29.8942, 11.3, 5.8
NGC625, 23.7683, -41.4375, 11.7, 5.8
NGC4592, 189.8275, -0.5314, 12.2, 5.8
NGC24, 2.4838, -24.9644, 12.2, 5.8
NGC5023, 198.0487, 44.0372, 12.9, 5.8
NGC1367, 53.7550, -24.9333, 11.6, 5.6
NGC6902, 306.1162, -43.6531, 11.6, 5.6
NGC4976, 197.1558, -49.5058, 11.0, 5.6
NGC5161, 202.3071, -33.1744, 12.0, 5.6
NGC4088, 181.3942, 50.5406, 11.2, 5.6
NGC3448, 163.6617, 54.3053, 12.5, 5.6
NGC4388, 186.4454, 12.6619, 11.8, 5.6
NGC5297, 206.5975, 43.8725, 12.5, 5.6
NGC1079, 40.9354, -29.0028, 12.4, 5.5
NGC4939, 196.0596, -10.3400, 11.9, 5.5
NGC7814, 0.8117, 16.1453, 11.6, 5.5
NGC7456, 345.5421, -39.5692, 12.4, 5.5
NGC5101, 200.4417, -27.4308, 11.6, 5.4
NGC3371, 162.0696, 12.6286, 10.9, 5.4
NGC4100, 181.5346, 49.5828, 11.9, 5.4
NGC1515, 61.0087, -54.1000, 12.1, 5.4
NGC3981, 179.0292, -19.8972, 11.8, 5.3
NGC1253, 48.5383, -2.8231, 12.3, 5.3
NGC4302, 185.4258, 14.5983, 12.5, 5.3
NGC4183, 183.3200, 43.6981, 12.9, 5.3
NGC3077, 150.8346, 68.7350, 10.6, 5.2
NGC3945, 178.3058, 60.6753, 11.8, 5.2
NGC7410, 343.7525, -39.6622, 11.2, 5.2
NGC4217, 183.9608, 47.0900, 12.0, 5.2
NGC5965, 233.5083, 56.6856, 12.6, 5.2
NGC289, 13.1754, -31.2056, 11.7, 5.1
NGC3263, 157.3054, -44.1228, 12.5, 5.1
NGC3175, 153.6762, -28.8711, 12.1, 5.1
NGC210, 10.1450, -13.8725, 11.6, 5.0
NGC4654, 190.9854, 13.1264, 11.1, 5.0
NGC7582, 349.5979, -42.3697, 11.4, 5.0
NGC5253, 204.9825, -31.6417, 10.9, 5.0
NGC3917, 177.6900, 51.8247, 12.5, 5.0
NGC4173, 183.0896, 29.2072, 13.6, 5.0
IC342, 56.7017, 68.0956, 9.1, 21.4
IC1613, 16.1979, 2.1186, 9.9, 16.6
IC4895, 296.2358, -14.8064, 9.3, 15.4
IC2574, 157.0933, 68.4167, 10.8, 13.2
IC5332, 353.6142, -36.1014, 11.2, 8.9
IC5201, 335.2396, -46.0347, 11.5, 8.5
IC2531, 149.9821, -29.6178, 12.9, 6.9
IC10, 5.1021, 59.2925, 11.8, 6.4
IC356, 61.9429, 69.8119, 11.4, 5.9
IC4351, 209.4742, -29.3156, 12.6, 5.9
IC5052, 313.0296, -69.2053, 11.2, 5.9
IC1727, 26.8750, 27.3325, 12.1, 5.7
IC5267, 344.3071, -43.3958, 11.4, 5.2
IC5265, 344.2933, -36.4625, 11.0, 5.2
IC4721, 278.6029, -58.4972, 12.4, 5.2
IC3042, 183.1925, 10.8642, 11.9, 5.0
