NGC1, 1.8162, 27.7089, 12.9, 1.7
NGC45, 3.5167, -22.8186, 10.6, 8.5
NGC55, 3.7833, -38.7806, 7.9, 31.2
NGC134, 7.5908, -32.7550, 10.4, 8.4
NGC147, 8.2988, 48.5072, 9.5, 13.2
NGC185, 9.7400, 48.3372, 9.2, 8.0
NGC247, 11.7846, -19.2400, 9.1, 19.2
NGC253, 11.8879, -24.7125, 7.2, 29.0
NGC337, 14.9579, -6.4219, 11.6, 3.0
NGC428, 18.2317, 0.9814, 11.5, 4.0
NGC488, 20.4442, 5.2558, 10.3, 5.4
NGC521, 21.1400, 1.7314, 11.7, 2.7
NGC524, 21.1992, 9.5386, 10.2, 2.8
NGC564, 21.9508, -0.1214, 12.5, 1.3
NGC578, 22.6204, -21.3333, 10.9, 4.8
NGC584, 22.8354, -5.1328, 10.5, 4.1
NGC613, 23.5767, -28.5814, 10.1, 5.5
NGC672, 26.9750, 27.4328, 10.9, 6.0
NGC772, 29.8313, 19.0075, 10.3, 7.2
NGC779, 29.9275, -4.0358, 11.2, 4.1
NGC891, 35.6375, 42.3472, 9.9, 11.7
NGC908, 35.7692, -20.7667, 10.2, 6.1
NGC925, 36.8200, 33.5789, 10.1, 10.5
NGC936, 36.9062, -0.8436, 10.2, 4.7
NGC1023, 40.1004, 39.0633, 9.4, 7.4
NGC1052, 40.2692, -7.7453, 10.5, 2.8
NGC1073, 40.9179, 1.3761, 11.0, 4.9
NGC1087, 41.6050, 0.4992, 10.9, 3.9
NGC1097, 41.5812, -29.7244, 9.5, 9.4
NGC1187, 45.6567, -21.1328, 10.8, 4.2
NGC1232, 47.4387, -19.4208, 9.9, 7.4
NGC1270, 49.7421, 41.4703, 13.1, 0.9
NGC1275, 49.9504, 41.5114, 11.9, 2.3
NGC1300, 49.9196, -18.5886, 10.4, 6.2
NGC1332, 51.5708, -20.6656, 10.3, 4.5
NGC1337, 52.0233, -7.6117, 11.9, 5.7
NGC1365, 53.4029, -35.8592, 9.6, 11.0
NGC1385, 54.3692, -23.4972, 10.9, 3.6
NGC1395, 54.6233, -22.9728, 9.6, 5.0
NGC1398, 54.7167, -25.6628, 9.7, 7.2
NGC1399, 54.6204, -34.5503, 9.6, 6.9
NGC1407, 55.0492, -17.4197, 9.7, 4.6
NGC1421, 55.6225, -12.5122, 11.4, 3.4
NGC1518, 61.7042, -20.8206, 11.8, 2.9
NGC1532, 63.0158, -31.1269, 9.9, 11.6
NGC1637, 70.3675, -1.1422, 10.8, 3.3
NGC1744, 74.9900, -25.9772, 11.1, 7.4
NGC1792, 76.3075, -36.0203, 10.2, 5.2
NGC1961, 85.5163, 69.3786, 11.0, 4.5
NGC1964, 83.3408, -20.0547, 10.8, 5.6
NGC2146, 94.6596, 78.3558, 10.6, 5.4
NGC2336, 111.7650, 80.1778, 10.4, 7.1
NGC2403, 114.2108, 65.6017, 8.5, 23.4
NGC2613, 128.3450, -21.0272, 10.3, 6.5
NGC2655, 133.9071, 78.2236, 10.1, 4.9
NGC2683, 133.1721, 33.4200, 9.8, 9.3
NGC2775, 137.5838, 7.0372, 10.1, 4.3
NGC2776, 138.0604, 44.9547, 11.6, 2.8
NGC2784, 138.0808, -23.8275, 10.2, 5.5
NGC2832, 139.9450, 33.7497, 11.9, 3.0
NGC2835, 139.4692, -21.6447, 10.5, 6.6
NGC2841, 140.5096, 50.9764, 9.2, 8.1
NGC2903, 143.0404, 21.4992, 9.0, 12.6
NGC2964, 145.7254, 31.8469, 11.3, 3.0
NGC2997, 146.4108, -30.8094, 9.5, 8.9
NGC2998, 147.1817, 44.0817, 12.5, 2.7
NGC3003, 147.1496, 33.4219, 11.9, 5.7
NGC3044, 148.4200, 1.5794, 11.9, 4.7
NGC3079, 150.4904, 55.6814, 10.9, 8.1
NGC3109, 150.7775, -25.8417, 9.9, 19.1
NGC3115, 151.3088, -6.2819, 8.9, 7.2
NGC3169, 153.5613, 3.4669, 10.2, 4.2
NGC3184, 154.5708, 41.4233, 9.8, 7.4
NGC3190, 154.5233, 21.8328, 11.2, 4.4
NGC3198, 154.9787, 45.5500, 10.3, 8.5
NGC3245, 156.8258, 28.5078, 10.8, 3.2
NGC3294, 159.0667, 37.3247, 11.8, 3.4
NGC3309, 159.1488, -26.4825, 11.6, 1.9
NGC3310, 159.6900, 53.5033, 10.8, 3.1
NGC3319, 159.7900, 41.6872, 11.1, 6.1
NGC3338, 160.5317, 13.7467, 11.1, 5.7
NGC3344, 160.8788, 24.9228, 9.9, 7.1
NGC3377, 161.9262, 13.9858, 10.4, 5.0
NGC3412, 162.7221, 13.4128, 10.5, 3.7
NGC3423, 162.8100, 5.8400, 11.1, 3.9
NGC3430, 163.0479, 32.9508, 11.6, 4.1
NGC3432, 163.1292, 36.6189, 11.3, 6.6
NGC3486, 165.1000, 28.9756, 10.5, 7.1
NGC3489, 165.0767, 13.9008, 10.3, 3.6
NGC3495, 165.3158, 3.6269, 11.8, 4.9
NGC3504, 165.7962, 27.9731, 11.1, 2.7
NGC3511, 165.8488, -22.9136, 11.0, 6.0
NGC3521, 166.4533, 0.0369, 9.0, 11.2
NGC3583, 168.5458, 48.3183, 11.1, 2.8
NGC3593, 168.6542, 12.8183, 10.9, 5.2
NGC3596, 168.7754, 14.7869, 11.3, 4.0
NGC3613, 169.6496, 58.0006, 10.9, 3.9
NGC3621, 169.5658, -31.1889, 9.7, 12.3
NGC3631, 170.2612, 53.1697, 10.4, 5.0
NGC3640, 170.2779, 3.2347, 10.4, 4.0
NGC3642, 170.5729, 59.0750, 11.2, 5.5
NGC3646, 170.4300, 20.1692, 11.1, 3.9
NGC3666, 171.1092, 11.3422, 12.3, 4.4
NGC3672, 171.2596, -8.2053, 11.4, 4.0
NGC3675, 171.5337, 43.5864, 10.2, 5.9
NGC3686, 171.9337, 17.2233, 11.3, 3.1
NGC3705, 172.5317, 9.2761, 11.1, 4.9
NGC3718, 173.1446, 53.0672, 10.8, 8.1
NGC3726, 173.3367, 47.0278, 10.4, 6.0
NGC3756, 174.1992, 54.2942, 11.5, 4.2
NGC3810, 175.2442, 11.4703, 10.8, 4.3
NGC3877, 176.5304, 47.4944, 11.0, 5.3
NGC3887, 176.7692, -15.1461, 10.6, 3.5
NGC3893, 177.1592, 48.7114, 10.5, 4.5
NGC3898, 177.3137, 56.0847, 10.7, 4.4
NGC3906, 177.4175, 48.4256, 12.9, 1.8
NGC3923, 177.7567, -27.1942, 9.8, 5.9
NGC3938, 178.2050, 44.1214, 10.4, 5.4
NGC3949, 178.4225, 47.8600, 11.1, 2.9
NGC3953, 178.4517, 52.3250, 10.1, 6.9
NGC3957, 178.5062, -18.4311, 11.8, 2.9
NGC3982, 179.1167, 55.1250, 11.0, 2.3
NGC4013, 179.6304, 43.9472, 11.2, 5.2
NGC4027, 179.8771, -18.7342, 11.1, 3.3
NGC4036, 180.3625, 61.8961, 10.7, 4.3
NGC4038, 180.4700, -17.1356, 10.3, 3.4
NGC4039, 180.4742, -17.1144, 10.3, 3.3
NGC4051, 180.7900, 44.5319, 10.2, 5.2
NGC4085, 181.3433, 50.3533, 12.4, 2.8
NGC4096, 181.5037, 47.4758, 10.9, 6.5
NGC4111, 181.7621, 43.0667, 10.7, 4.6
NGC4124, 182.0396, 10.3789, 11.4, 4.3
NGC4151, 182.6346, 39.4067, 10.8, 6.3
NGC4157, 182.7683, 50.4847, 11.4, 6.7
NGC4178, 183.1925, 10.8642, 11.4, 5.0
NGC4214, 183.9117, 36.3275, 9.8, 8.0
NGC4216, 183.9750, 13.1478, 10.0, 8.1
NGC4235, 184.2904, 7.1908, 11.6, 4.2
NGC4236, 184.1804, 69.4636, 9.6, 21.9
NGC4242, 184.3750, 45.6192, 10.8, 5.2
NGC4244, 184.3746, 37.8078, 10.4, 16.6
NGC4261, 184.8462, 5.8244, 10.4, 4.1
NGC4274, 184.9617, 29.6136, 10.4, 6.8
NGC4293, 185.3037, 18.3828, 10.4, 5.6
NGC4371, 186.2308, 11.7042, 10.8, 4.0
NGC4395, 186.4533, 33.5467, 10.2, 13.2
NGC4414, 186.6129, 31.2236, 10.1, 4.4
NGC4429, 186.8596, 11.1075, 10.0, 5.8
NGC4442, 187.0163, 9.8039, 10.4, 4.5
NGC4449, 187.0471, 44.0950, 9.6, 6.2
NGC4450, 187.1221, 17.0842, 10.1, 5.4
NGC4469, 187.3671, 8.7503, 11.2, 3.8
NGC4477, 187.5083, 13.6369, 10.4, 3.7
NGC4487, 187.7679, -7.9464, 11.0, 4.0
NGC4490, 187.6504, 41.6428, 9.8, 6.4
NGC4496, 187.9138, 3.9397, 11.4, 3.9
NGC4517, 188.1900, 0.1156, 10.4, 10.5
NGC4527, 188.5367, 2.6533, 10.5, 6.2
NGC4535, 188.5842, 8.1975, 10.0, 7.1
NGC4559, 188.9908, 27.9597, 10.0, 10.7
NGC4565, 189.0854, 25.9878, 9.6, 15.8
NGC4570, 189.2217, 7.2469, 10.9, 3.7
NGC4593, 189.9137, -4.6561, 10.9, 3.9
NGC4605, 189.9971, 61.6083, 10.3, 5.9
NGC4618, 190.3875, 41.1511, 10.8, 4.2
NGC4636, 190.7071, 2.6872, 9.5, 5.9
NGC4651, 190.9271, 16.3936, 10.8, 4.0
NGC4656, 190.9921, 32.1697, 10.5, 15.3
NGC4666, 191.2842, 0.4628, 10.7, 4.5
NGC4689, 191.9404, 13.7622, 11.0, 4.3
NGC4697, 192.1492, -4.2000, 9.2, 7.2
NGC4699, 192.2592, -7.3361, 9.5, 3.8
NGC4710, 192.4112, 15.1647, 11.0, 4.9
NGC4725, 192.6104, 25.5000, 9.4, 10.7
NGC4753, 193.0921, -0.8000, 10.0, 6.0
NGC4781, 193.5983, -9.4639, 11.1, 3.4
NGC4856, 194.8379, -14.9578, 10.5, 4.3
NGC4889, 195.0346, 27.9764, 11.5, 2.8
NGC4958, 196.4538, -7.9800, 10.7, 3.9
NGC5005, 197.7337, 37.0586, 9.8, 5.8
NGC5054, 199.2429, -15.3653, 10.9, 5.1
NGC5068, 199.7271, -20.9619, 10.0, 7.3
NGC5077, 199.8817, -11.3433, 11.4, 2.2
NGC5128, 201.3708, -42.9839, 6.8, 25.7
NGC5170, 202.4533, -16.0347, 11.1, 8.2
NGC5204, 202.4004, 58.4183, 11.3, 5.0
NGC5247, 204.5121, -16.1153, 10.0, 5.4
NGC5248, 204.3833, 8.8861, 10.3, 6.2
NGC5364, 209.0496, 5.0156, 10.5, 6.8
NGC5371, 208.9167, 40.4622, 10.6, 4.2
NGC5566, 215.0833, 3.9331, 10.6, 6.6
NGC5585, 214.9487, 56.7289, 10.7, 5.8
NGC5676, 218.1933, 49.4569, 11.2, 3.9
NGC5746, 221.2321, 1.9561, 10.3, 7.4
NGC5846, 226.6208, 1.6053, 10.0, 4.0
NGC5879, 227.4450, 57.0006, 11.6, 4.2
NGC5907, 228.9742, 56.3303, 10.3, 12.6
NGC5985, 234.9046, 59.3319, 11.1, 5.5
NGC6015, 237.8558, 62.3086, 11.1, 5.4
NGC6040, 241.1113, 17.7500, 14.2, 1.3
NGC6503, 267.3646, 70.1436, 10.2, 7.0
NGC6822, 296.2358, -13.1936, 8.7, 15.4
NGC6946, 308.7171, 60.1533, 8.8, 11.5
NGC7217, 331.9671, 31.3594, 10.1, 4.0
NGC7331, 339.2713, 34.4203, 9.5, 10.2
NGC7479, 346.2362, 12.3222, 10.9, 4.0
NGC7606, 349.7700, -7.5136, 10.8, 5.4
NGC7619, 350.0608, 8.2069, 11.1, 2.5
NGC7640, 350.5275, 40.8450, 11.3, 10.5
NGC7741, 355.9762, 26.0753, 11.3, 4.5
NGC7793, 359.4550, -31.4083, 9.1, 9.3
